101
aa 1 2 5 6 7 8 9 10 11 12 13 14 19 20 24 25 26 30 37 46 51 56 59 66 68 81
ae 0 2 3 5 6 7 8 9 10 11 12 13 15 19 20 24 25 27 31 38 52 60 62 67 70 80
ai 0 1 4 5 6 7 8 9 10 11 12 13 16 19 20 24 25 28 32 47 53 54 57 69 72 79
oe 1 4 15 18 21 22 23 27 31 34 35 38 40 41 42 49 50 52 60 62 67 70 80
oi 2 3 16 18 21 22 23 28 32 34 35 40 41 42 47 49 50 53 54 57 69 72 79
am 0 1 2 6 7 8 9 10 11 12 13 18 19 20 24 25 36 78 83 84
ah 0 1 2 5 7 8 9 10 11 12 13 19 20 21 24 25 43 86 97
an 0 1 2 5 6 8 9 10 11 12 13 19 20 22 24 25 44 87 89
as 0 1 2 5 6 7 9 10 11 12 13 19 20 23 24 25 45 88 90
ad 0 1 2 5 6 7 8 10 11 12 13 19 20 24 25 34 64 94
at 0 1 2 5 6 7 8 9 11 12 13 19 20 24 25 65 92 95
ay 0 1 2 5 6 7 8 9 10 12 13 19 20 24 25 35 85 93
ar 0 1 2 5 6 7 8 9 10 11 13 19 20 24 25 41 74
ax 0 1 2 5 6 7 8 9 10 11 12 19 20 24 25 42 75
ma 0 15 16 17 26 30 37 46 51 56 59 66 68 78 81 85 91
me 1 3 14 16 17 27 31 38 52 60 62 67 70 78 80 85 91
mi 2 4 14 15 17 28 32 47 53 54 57 69 72 78 79 85 91
mo 14 15 16 29 33 39 48 55 58 61 63 71 76 77 78 85 91
om 3 4 5 21 22 23 34 35 36 40 41 42 49 50 78 83 84
al 0 1 2 5 6 7 8 9 10 11 12 13 20 24 25 82
aw 0 1 2 5 6 7 8 9 10 11 12 13 19 24 25 50
oh 3 4 6 18 22 23 34 35 40 41 42 43 49 50 86 97
on 3 4 7 18 21 23 34 35 40 41 42 44 49 50 87 89
os 3 4 8 18 21 22 34 35 40 41 42 45 49 50 88 90
ab 0 1 2 5 6 7 8 9 10 11 12 13 19 20 25
ag 0 1 2 5 6 7 8 9 10 11 12 13 19 20 24
ba 0 14 27 28 29 30 37 46 51 56 59 66 68 81 93
be 1 3 15 26 28 29 31 38 52 60 62 67 70 80 93
bi 2 4 16 26 27 29 32 47 53 54 57 69 72 79 93
bo 17 26 27 28 33 39 48 55 58 61 63 71 76 77 93
ha 0 14 26 31 32 33 37 46 51 56 59 66 68 81 84
he 1 3 15 27 30 32 33 38 52 60 62 67 70 80 84
hi 2 4 16 28 30 31 33 47 53 54 57 69 72 79 84
ho 17 29 30 31 32 39 48 55 58 61 63 71 76 77 84
od 3 4 9 18 21 22 23 35 40 41 42 49 50 64 94
oy 3 4 11 18 21 22 23 34 40 41 42 49 50 85 93
em 5 18 43 44 45 64 65 73 74 75 78 82 83 84
na 0 14 26 30 38 39 46 51 56 59 66 68 81 99
ne 1 3 15 27 31 37 39 52 60 62 67 70 80 99
no 17 29 33 37 38 48 55 58 61 63 71 76 77 99
of 3 4 18 21 22 23 34 35 41 42 49 50 73 96
or 3 4 12 18 21 22 23 34 35 40 42 49 50 74
ox 3 4 13 18 21 22 23 34 35 40 41 49 50 75
eh 6 21 36 44 45 64 65 73 74 75 82 86 97
en 7 22 36 43 45 64 65 73 74 75 82 87 89
es 8 23 36 43 44 64 65 73 74 75 82 88 90
la 0 14 26 30 37 47 48 51 56 59 66 68 81
li 2 4 16 28 32 46 48 53 54 57 69 72 79
lo 17 29 33 39 46 47 55 58 61 63 71 76 77
op 3 4 18 21 22 23 34 35 40 41 42 50 98
ow 3 4 18 20 21 22 23 34 35 40 41 42 49
pa 0 14 26 30 37 46 52 53 56 59 66 68 81
pe 1 3 15 27 31 38 51 53 60 62 67 70 80
pi 2 4 16 28 32 47 51 52 54 57 69 72 79
si 2 4 16 28 32 47 53 55 57 69 72 79 97
so 17 29 33 39 48 54 58 61 63 71 76 77 97
ta 0 14 26 30 37 46 51 57 58 59 66 68 81
ti 2 4 16 28 32 47 53 54 56 58 69 72 79
to 17 29 33 39 48 55 56 57 61 63 71 76 77
ya 0 14 26 30 37 46 51 56 60 61 66 68 81
ye 1 3 15 27 31 38 52 59 61 62 67 70 80
yo 17 29 33 39 48 55 58 59 60 63 71 76 77
de 1 3 15 27 31 38 52 60 63 67 70 80
do 17 29 33 39 48 55 58 61 62 71 76 77
ed 9 34 36 43 44 45 65 73 74 75 82 94
et 10 36 43 44 45 64 73 74 75 82 92 95
fa 0 14 26 30 37 46 51 56 59 67 68 81
fe 1 3 15 27 31 38 52 60 62 66 70 80
ka 0 14 26 30 37 46 51 56 59 66 69 81
ki 2 4 16 28 32 47 53 54 57 68 72 79
we 1 3 15 27 31 38 52 60 62 67 71 80
wo 17 29 33 39 48 55 58 61 63 70 76 77
xi 2 4 16 28 32 47 53 54 57 69 79 100
ef 36 40 43 44 45 64 65 74 75 82 96
er 12 36 41 43 44 45 64 65 73 75 82
ex 13 36 42 43 44 45 64 65 73 74 82
go 17 29 33 39 48 55 58 61 63 71 77
jo 17 29 33 39 48 55 58 61 63 71 76
mm 5 14 15 16 17 18 36 83 84 85 91
qi 2 4 16 28 32 47 53 54 57 69 72
re 1 3 15 27 31 38 52 60 62 67 70
za 0 14 26 30 37 46 51 56 59 66 68
el 19 36 43 44 45 64 65 73 74 75
um 5 18 36 78 84 86 87 88 92 98
hm 5 18 30 31 32 33 36 78 83
my 11 14 15 16 17 35 78 91 93
uh 6 21 43 83 87 88 92 97 98
un 7 22 44 83 86 88 89 92 98
us 8 23 45 83 86 87 90 92 98
in 7 22 44 87 90 94 95 96
is 8 23 45 88 89 94 95 96
mu 14 15 16 17 78 85 99 100
ut 10 65 83 86 87 88 95 98
by 11 26 27 28 29 35 85
id 9 34 64 89 90 95 96
it 10 65 89 90 92 94 96
if 40 73 89 90 94 95
sh 6 21 43 54 55 86
up 49 83 86 87 88 92
nu 37 38 39 91 100
xu 72 91 99
