1015
14339
3492
101
4380
3813
3027
33574
1410
32435
3237
2134
16241
8515
38862
19166
2128
5540
76948
20910
63980
801
30761
2671
14669
1208
17831
75
16698
15284
388
2448
8258
40964
99005
9725
11520
42982
18453
2377
15816
8878
7012
4037
1370
1338
10609
3365
4748
12302
46481
23264
112
229
25022
19655
149
12999
4445
48092
6365
10925
109
31586
547
5277
687
19299
20374
96795
6180
11709
10879
2998
3670
15214
4381
1311
69
439
2458
11307
5074
14323
23320
87156
45523
887
44683
1041
1031
53949
5530
1129
28782
32148
8211
65
4507
24826
3104
725
2032
15678
16242
225
4623
6850
28
3962
57063
36321
3911
28367
270
14700
7715
11108
8283
9728
97066
25
8373
654
4739
3050
59110
10488
1682
83049
20223
7376
399
40216
24452
25051
1243
92
49258
61
27836
99
26509
37664
40982
55
2573
9669
828
14457
251
32149
4819
17178
90970
55603
114183
303
1134
26581
14955
36264
2723
27428
4307
221
15886
5967
1184
33434
45
5466
76
406
3632
1648
7622
1271
9342
11467
32763
4940
11474
170
595
9964
14291
68445
956
372
42299
9457
3016
4753
17459
487
20437
5801
249
1866
22103
6163
5568
1828
35631
31
19966
16445
1741
2655
85789
15552
34160
19702
13094
8142
4061
18151
2029
201
493
11390
36887
262
11160
4505
13730
9415
25260
44664
1323
5409
4268
10995
77717
602
607
500
432
3967
4173
200
3206
8833
36
22810
24283
19773
13957
16563
70
6082
538
73679
5705
2704
14961
4739
4771
13649
7340
6973
105685
23192
4603
22232
16061
6398
17692
1760
6926
13606
21130
7120
10070
620
16444
5468
110
423067
163
48032
3422
25488
965
4188
15778
4984
37764
4880
21599
30127
26819
150
11206
4739
9176
20184
15407
4611
2931
26552
191483
5317
6418
5891
5407
1227
6631
3880
36757
26200
31357
10762
105692
352081
1117
5886
2216
2409
23976
8251
20351
16818
842
8857
44279
33682
1412780
208924
4872
1813
209113
30
1619
524
1381
266
2381
34
11874
358
6950
21458
339
19
36477
31564
16405
52090
6879
23109
51040
3494
8145
6740
75340
3525
30435
1090
307
7582
28116
19774
22349
9673
27369
2967
53576
117986
27010
2297
17278
55824
44185
73251
8224
47542
19336
37498
306
3773
49537
18725
2963
12196
13376
373
171452
46053
434
89873
518
4484
16335
20406
2567
3738
269
11732
31854
7168
4683
4072
7242
5587
37052
6296
20412
28384
9602
22921
1801
9276
16555
17332
4582
8370
5055
59673
639
10741
89183
3158
11961
22739
6213
11971
26709
247188
4406
10626
12484
64652
10280
31130
3719
20668
464
16772
10068
8019
8063
24260
24944
11463
3013
5755
25794
4631
84841
40687
54
30510
11139
5737
38435
3712
11494
3197
67625
37676
2736
7774
86551
46555
186919
71098
4739
25296
25516
24709
10941
2445
44035
12620
24217
11763
6739
6425
322
12971
6378
902
5915
18846
2269
117136
1673
890
14431
1331
6490
36327
10058
3293
70936
21230
46385
45360
9246
38161
851
1103
10745
10073
12374
19609
4747
17537
1417
17802
87747
46177
10736
4741
19466
102
48580
13733
11297
392
78523
10817
24212
26797
50979
970
1814
11668
21971
50
26625
4096
17108
4050
21307
10719
9343
4831
13123
166572
6798
6208
45138
47160
19265
26520
40672
14199
19664
46196
37138
37695
91911
2235
1066078
49689
3782
19429
12564
63720
67492
25525
55514
22701
38601
17830
3468
25187
1444
41827
4261
13576
166931
2047
47988
348568
19596
4996
48292
18581
253120
6732
26732
8789
999
11553
18128
4739
1438
34738
81331
76510
66004
925
11103
98736
39455
103267
20527
21380
7562
47813
13984
640
10084
4226
9226
13359
50475
178
6548
63965
17438
20994
23414
15990
15116
23445
32860
546
17632
13900
53710
10586
6995
1146
34539
28598
4739
3252
7548
49738
7395
9681
711
45157
226562
2192
4740
59666
107961
13632
42492
88677
23048
20158
32885
96770
68729
1592055
5683
17464
2913
27407
21575
23417
21527
2289
45999
25382
19083
195304
58122
756
30865
33760
603
11677
19895
32795
15428
10039
10536
41949
13723
100024
42839
9148
44632
24426
815
1700
883
48948
56880
21783
37039
3010
104867
76955
17921
60508
16855
9372
12856
148
928
4739
9999999
75383
77
8840
12801
4503
130021
97373
5391
7491
1921
511
6182
28089
65185
61559
42725
141272
5435
8288
20780
60
57934
736849
37969
48216
27595
1120
41793
7062
19652
47057
5226
37
16592
40671
72672
510
273915
22199
1540
106840
4739
40796
17238
46925
77237
37739
49231
27765
69984
57
47318
37401
98021
107263
122038
2828
42414
209404
277612
15735
6049
2995
207027
91599
1128
97729
15501
29931
619
23912
256731
8402
7335
6669
62863
8968
8240
75217
5007
284
306616
47644
63679
19418
66896
10198
22444
87430
19996
149223
22480
50086
15555
4303
17352
342
4739
43678
15509
17405
19936
13727
503661
20740
195
23978
68829
9043
71410
48284
23037
33779
192307
28057
495667
79605
50878
722
41771
16174
8
10712
23643
1234
32966
1005
13647
18850
4751
26651
19671
154037
96028
55770
23088
25213
37737
28961
10602
15554
1286
8834
16455
3
13911
4215
1
137203
28514
82133
68531
189338
1616
35911
4739
174696
16678
94761
88611
48483
11321
39086
36449
964
24663
24018
222582
15714
32864
76419
14090
95
20290
230542
48275
46
2514
252
36356
5600
72
31338
1748
132
8494
238
4739
5406
1559
33696
9460
2386
8778
96780
33082
13991
19693
2081
1571
39654
67415
47929
31929
9999999
2418
73
22987
71317
21675
44096
12684
112247
287415
41226
72879
18055
39686
610
951
12892
39752
5592
41570
4739
83198
220954
276893
19137
6142
74091
129
745392
296934
88410
25996
302214
38698
148928
53806
105407
64554
63325
4395
100277
5063
39798
2323
331
33816
5706
222720
2992
35686
10757
56516
401
197
20012
675
6938
30436
3855
37295
6485
7086
133
88207
39388
9325
12144
115092
4862
201689
12538
43895
22435
15581
1887
4689
1377893
59423
239
104713
19789
58428
1147
39245
203364
121462
310
35947
118613
86518
647293
5541
29765
43481
27126
15319
39042
7105
38669
159864
5742
23772
9969
137342
9999999
73737
31544
4739
57612
44150
1584
