4030
248
49703
7529
249291
19952
9183
34462
3776
52131
520
11143
1423
16611
17776
70727
7589
30414
40024
1782
5670
2953
143672
18757
31689
10402
3602
40743
62496
11518
7589
2290
43167
30069
24064
10720
4711
79367
314
64980
8723
77524
5480
90912
7589
136251
42093
39162
111
8839
63895
10214
3500
8342
36868
3903
41313
37710
23111
6449
7589
148143
24454
4039
208768
1050
2774
18190
9534
13284
1016
27911
284081
58793
15112
11348
11170
38314
1153
26718
421
196984
5338
4773
13842
7589
11025
30181
7589
4082
26453
114510
18250
5102
63536
14769
3076
7589
42693
25710
202
36288
258555
6782
14258
11054
382856
20456
1644
18194
8113
5333
33878
259184
31166
11739
74229
2259
300503
173502
24676
42025
3869
1094575
36975
102999
19538
115611
5644
4019
75832
224
6942
7589
11185
331657
9710
7130
10944
189017
1266
161476
19474
2944
9192
382
2872
16272
20399
177338
3558
11438
8286
6695
30942
34439
28727
2419
24143
38434
5026
4440
72506
38664
4560
1240
7589
5564
31185
31386
14365
14205
180660
21445
456028
434536
7589
9472
29847
1334
17735
252515
1594
35559
7589
9118
53382
24992
64690
3760
1113
11658
3729
4205
9571
34096
2555
12953
356
5314
3472
2559
172178
153262
18873
12976
260160
7589
1519713
64447
118241
124649
45579
291317
6685
835
36903
1494
3680
984
22188
26701
185
34040
19358
216327
208
163020
68969
35988
38734
194410
26697
53825
9999999
8410
4220
2783
210185
25850
2471
36033
3105
30258
23872
7424
95608
17301
26853
4043
76693
179935
27019
8463
1017
30502
990
30222
4971
8776
634
3937
323235
39783
12147
47458
97016
23051
9999999
94690
1639302
880
23802
64481
1724
4384
7589
19475
87191
20673
3000
31620
284536
10661
11601
13643
3069
82767
100710
68773
456
12642
288125
413231
1869
2762
20219
28074
57229
186284
21428
1794
60535
18361
7800
34908
7589
8954
7581
114
16683
24451
71398
92000
210524
7103
8635
74621
14051
15150
13289
22457
2080
210317
240
56364
24783
29028
12768
2851
4137
7589
107529
254
64
3125
9999999
7589
7589
7589
431353
427800
139199
246017
5079
5585
15463
51079
7589
5450
566
27159
6383
963
155055
24733
25018
6379
2212
20036
12008
109629
1744
397356
3825
7589
15826
138819
9621
127518
110428
482
14140
46995
1395
33529
8012
532
263
59650
7589
71300
7589
11265
7895
13100
10592
3167
2165
9285
131601
22522
14203
690231
58130
40104
1537
79147
236547
26058
40608
16019
7589
13380
42357
768
22414
47481
12596
30661
43288
105215
11815
5304
48213
4681
42551
1217
39153
119542
10643
249838
7589
14576
52935
45309
1077
664
28159
7589
2275
4432
519
67140
17898
5786
4504
354
2318
58
6390
3823
2421
66244
671
413
13891
234948
14189
7997
4182
36972
44942
403
7589
4782
44241
22932
7589
1849
83788
234586
70320
60074
7538
27174
86652
1994
31329
101635
98438
117922
24326
180102
52622
2173
4051
889
12600
156141
6639
54961
7589
15332
7589
72505
42673
5156
36929
741
596
28447
37589
11284
11912
3613
29316
62311
237978
122002
2371
7589
135149
13922
2026
5940
47069
90
2087
9950
129558
30358
56247
9999999
2524
4080
44004
107119
9549
2598
9999999
200955
917
7724
5330
572
12332
7855
161
96877
3730
29082
58495
278234
4198
4604
617393
5316
279202
82104
2631
94577
1566
1563
730650
455
481277
12803
394
13471
17834
22
3886
236
10339
14150
274354
20491
206449
18890
10162
47645
243
949737
143178
9655
369541
1218
1443
9139
1270
46419
41890
11933
196
16437
5023
282
523450
89043
34926
539925
12893
1207
188274
933
380
44281
13343
24174
7589
47024
43919
2679
112505
15961
4109
2424
5200
23742
5727
35843
26217
20756
22074
1915
7589
28491
8001
300671
528
6686
209984
573
46043
128002
213800
92471
3419
4544
7589
162762
22082
40153
15100
93941
7363
2345
137999
13256
34176
249893
9999999
4447
15842
19180
3411
39779
22359
59356
68262
83
31910
6799
1313
2117
1645
14659
261
7589
22374
43000
51977
1391
6961
9069
103376
5955
210071
7589
14408
121810
4199
251863
7127
6334
17075
7589
361795
277294
181871
529136
2204
470
1345
2817
5447
262726
3302
324
41
188464
295
168
512894
13232
11606
9947
4388
42794
2636
45343
173
124044
43
6630
25212
281
31868
1895
7284
55950
218452
84347
28100
1138
24851
26668
279
177796
101389
31743
36232
718
360726
24055
736
65832
133737
100487
552
3944
7479
73378
168324
663
1170
5339
2612
127336
2155
78930
119503
2630
112206
3861
3122
420369
460
8926
6858
56357
751597
12787
11064
20677
7589
97
335806
3826
4411
15158
28821
3953
41607
15895
686425
746
989
2428
96775
274206
50599
5894
335340
3224
3844
7589
56849
6610
3138
2541
11835
35217
3238
2153
1059
122655
52383
25191
1414
9198
1298
762
427
81041
7589
1406
37236
7589
36457
21226
115288
347
2298
201922
1469
109917
377321
76819
19795
136092
93452
84981
15184
97449
2358
43230
7603
2231
346
10303
34315
14963
29824
4877
8314
15872
9643
557
616
7589
111586
34693
1398
9386
2065
6619
92776
4822
98066
867
196050
9437
7233
7849
12331
243653
4183
44725
18991
137494
26546
10146
8992
8924
8189
7589
18230
12488
289923
10193
6690
7669
1358
272
4730
1900
14877
819
133873
4054
113041
35103
483
589
6952
2014
37577
131230
37497
145159
1382508
4884
123450
30535
27032
10140
26658
8714
85176
553327
2336
789
48357
7589
203737
40193
79953
29939
39060
11451
146110
4092
23615
1216
252551
55059
1919
32982
15952
39577
5487
25761
226514
94772
16066
121356
2668
3373
189891
10754
22570
6681
11045
102507
44314
5434
48373
4152
5586
22206
6600
7707
13327
35344
38519
673
5900
624
339452
896
15712
86007
17248
1766
20340
33177
14790
246326
7589
26089
631
184747
105226
311278
17637
7589
15544
706037
6355
9130
21664
19096
189824
838
3388
662
58278
5158
28376
29541
152163
84
349
123
6924
126196
5799
952
30701
31392
7312
5952
11401
7589
22735
9999999
38379
81136
7589
15559
51006
8349
9828
19289
514061
2167
360042
401564
3450
1803
123329
269274
28956
2169
6068
39901
43136
52409
453
8766
2040
5794
1407
53556
7589
97526
4172
10581
130572
24569
761
16526
15236
1054
82012
14383
123837
2607
52894
8236
37977
9676
850
383903
23432
6771
74124
403657
8185
7508
229289
66
15696
85602
100753
246331
59
7589
16164
1088
2353
82279
9999999
175339
230806
226547
21254
69042
5798
2686
4922
776
115041
1290
2982
10083
957
6011
221324
625
347258
322621
8962
6464
10723
239485
23552
13578
5064
25009
4874
1861
271964
41419
857
13085
28969
3722
1400279
17081
3162
101669
23307
12459
4414
10093
194578
24208
11516
49926
7589
42231
8354
11920
2132
1480
441479
137715
373437
22589
106333
181
523352
381
7589
13334
7589
4579
922
24964
85596
4935
50870
118040
3572
9961
76411
14401
216576
13586
156
40025
26130
155204
81167
20702
295532
5396
31150
13465
19923
8054
5749
11268
5995
84235
3420
9999999
45893
4429
42030
46958
284216
26100
20257
68732
285
798
17780
295743
1261
100
23210
8385
38405
9831
1472
85055
5404
11299
7949
47374
17452
136650
6717
34469
28302
14913
20961
3157
23090
26082
450
7589
7806
88587
39517
26001
364
35347
8947
151043
2949
7589
28030
2024
1080
9287
884
67498
389959
46240
15717
13026
47589
504
22835
43558
6662
475722
32416
4716
5444
10862
8104
12078
9999999
1434
8774
192
702
46314
397
44682
32069
12364
10789
29242
4369
1260
9999999
299
526
4804
49146
2939
42799
192412
886
329
71
127527
58358
24914
17645
16497
1637
7589
121987
54701
18640
112751
74563
169549
14716
1365
18650
12899
7589
172873
228463
558
58827
83240
104970
9707
7589
24286
59711
9619
258
33485
51309
278
32683
22342
3261
189
76103
804
107
141163
522
204
81840
27351
1786
1667
7589
508416
139120
7249
74112
19666
40676
27745
13008
27454
12662
6721
3212
10672
7589
93863
5084
129338
133418
31002
7589
10466
291520
2583
13029
87771
241
37382
94342
35700
8196
16036
562
6560
12389
63418
9999999
52410
526454
101740
176
26367
1072
5061
4157
7589
35985
8298
11095
1635
13863
3001
58096
4391
1598032
2634
3499
49538
266038
12556
26873
16276
7409
200708
1733
18387
7893
3271
315936
90991
8907
19112
16364
20706
11277
2788
3598
42167
18127
121074
78023
48347
4735
4094
15495
8868
9999999
1527981
147637
15706
77868
216857
22111
3068
900
120364
143846
32302
5234
16731
2339
9999999
79690
105274
145
63725
4909
2919
16230
12080
1723
8067
63779
214223
128285
20925
132095
711136
1451
3482
915
7225
5708
2553
12192
2894
7183
3463
16859
2382
1035
3247
8242
15098
66112
265936
122960
19354
30156
258027
1237
26900
42851
164794
751
2249
4645
41918
83370
67372
15920
62948
127575
96909
8050
5537
225013
1503
42359
315502
35564
18306
640375
76666
8693
4961
1181
1415
9121
237290
720
4520
131942
1860
15253
6568
216463
359475
1716
3875
9959
4163
9999999
87997
11923
462
10233
58627
667307
832
15836
1908
39278
29955
23662
44836
280
56046
521
322056
11028
5977
1042
204113
15415
3519
11495
36326
16236
31843
360
294359
372807
10331
49410
5515
21137
12765
2616
6506
9068
304
13826
12453
316384
13061
89694
12477
132922
9999999
351220
159
150012
44203
14715
16477
395422
3056
235903
436
66153
89800
187998
2490
17446
146032
46090
6741
202322
3808
331567
12775
94
23951
136899
73377
42698
939
32225
7589
18088
3063
31558
84795
3907
3191
106724
24681
43145
4593
56701
188756
6108
5096
1344
145572
3984
51297
46437
11531
7239
7964
1491
338796
1026
32645
6232
2174
25299
256
25355
36045
291117
2700
48036
29551
23694
18562
2778
2482
650
334838
69865
7589
3383
6020
533
1157
28444
6308
10738
17945
13615
128
412425
21389
43273
17149
12578
19447
1779
290
3067
7081
6217
104163
408095
17327
3544
614
6416
1030
153805
53926
105286
211
963341
54486
1604809
225477
701
4117
251951
54642
146
14846
26670
15867
405348
19499
20936
398983
25986
258658
107842
16569
19353
1918
99916
8018
9508
21820
3396
1889
174425
11821
29830
315893
64146
3514
1305
199451
239944
1777
9999999
3349
1065
10462
23173
33887
20252
38923
2483
1455
22301
12989
15314
12106
126
2647
17072
72095
6571
626
178218
3563
12673
32741
22632
14656
9999999
3950
13358
679
141630
15749
24716
7589
3202
137
53014
7589
3811
13886
40855
1251
19613
17560
3292
7589
39715
801329
1328
7253
420878
4225
2327
2178
151
1259194
4488
84247
25384
18308
7589
35238
184427
207196
5263
8111
91107
4655
16016
1302168
209470
20614
2282
114377
286
67610
9819
19564
16893
14126
78603
35067
7589
54541
14943
9999999
5680
3178
3346
1855
4167
9999999
117086
69265
6298
5070
152573
10048
2271
49359
259631
4931
503
9999999
10634
12099
9999999
7589
101022
12253
57656
27568
33954
3512
4029
844
49726
8989
1440781
3783
34990
13149
3350
8433
1122
36553
420772
34582
26989
454793
9999999
367
6982
1219
1033
17412
9723
36279
6316
7589
84004
361785
4768
35461
32858
317546
1508
38064
2278
2794
182
6197
544
25244
2719
62961
27490
2785
18172
125
31849
1473
7442
24441
7524
43422
97504
1326
380268
416278
20211
25903
22401
615489
824
1914
9999999
21348
32709
31444
15497
95376
594
3998
7589
23905
27220
1625
70917
4835
9797
111125
1294
69875
1796
153588
22964
20935
23487
31889
144458
22953
13162
7060
145955
15395
2672
81431
9747
72508
113320
12072
12740
6544
41077
86220
9455
164
14563
516
7845
9
2734
80
1714
71541
16333
4294
181122
22682
92158
207567
39873
8498
60798
35425
135799
19696
89
53426
313
35204
82604
5546
81725
7589
189805
24447
22973
174007
21368
105771
13363
80372
20142
20918
30490
28570
2437
19453
23275
7194
35290
204696
10840
64564
17636
9999999
685
7443
35064
7589
93119
5833
22961
251208
130983
20848
4613
16694
618494
7942
17202
1160
40498
9981
9242
79028
81078
39830
2380
41394
24960
68767
708
53287
3266
19754
1917
5256
6236
13036
24254
4891
233210
115317
142234
88008
1847
110486
82534
35349
68749
622770
115204
613
12207
85311
110734
14635
7589
2033
9999999
5235
32754
3369
7589
19094
35135
1116
49595
93964
1147704
24224
5732
220
69772
24797
181345
110662
53785
9904
32989
338916
395531
18736
318
21340
217016
64227
7589
21270
60481
7589
13202
14925
21634
1153548
8425
164926
13449
38792
21695
2035
94648
27781
9297
3305
24412
25478
4217
10650
7513
56358
69839
24763
34710
46675
124137
18053
7037
405474
263517
275
33793
96617
570
7589
4802
36415
757
330538
404
17133
1792
15963
33546
3946
4641
26952
31673
44721
24003
4546
901
272191
219
160
21026
1419054
14369
7481
63476
29183
7589
2599
17
2276
6882
9705
30776
49699
59343
190138
26170
48440
1162
314052
53081
14678
7589
489
162958
14
12371
39404
1335
29553
447
10248
46088
11557
16765
19605
317238
9999999
27254
7589
59716
232325
1927
14101
19593
24724
67516
482966
7589
7589
1139
46356
42263
16817
40467
9689
53673
1350
2843
11228
24132
10873
71417
2119
173287
74904
128633
17118
18631
96387
3614
25160
24794
144940
14049
104858
7701
134486
510716
21454
18956
305100
27094
2759
26939
15437
28762
123933
2585
124489
19145
223693
421431
7589
68362
1547061
841
37528
9999999
484612
33103
9999999
23626
19151
53814
26516
46498
23498
505
32837
161181
42348
558863
3562
64477
60559
206
9999999
145477
33946
10245
7170
6171
7699
100584
6131
199254
9169
9356
140
7773
24293
211294
15411
575
12027
18244
18347
6297
7589
73074
3679
57595
299093
29101
58595
109985
1357
10360
1296722
230401
41853
10724
14292
7589
5599
5736
1647
28462
397724
7085
332900
26075
56661
85783
15957
32713
20149
17952
30805
8114
7080
11904
371275
25546
40960
55015
26378
117171
263766
4184
31442
7173
33360
60807
109931
40015
33384
559
69199
4103
366269
5653
34917
64916
8563
30405
196954
148582
13062
684
39127
21660
183614
134752
59517
20180
4726
20753
67712
36611
1510
84050
1375
3289
6240
73728
65283
14501
6147
4052
69868
2125
3517
1194
691238
1215
6819
247617
124528
18532
41441
46695
106600
47544
67488
123026
1945
490
13247
6716
352
25994
281744
7697
7589
7589
1240318
43037
364550
213415
258208
29081
14744
7589
43488
574101
535336
104850
28928
1555786
409614
111190
31938
42323
148165
15998
7589
40323
16764
72688
176955
356879
398347
9999999
9902
8496
66980
305984
10922
21740
111368
12962
125198
91631
13488
127330
547987
21156
27509
7589
1500
21691
10010
10490
108637
136692
2764
112983
176708
3736
261506
85780
29072
7441
11271
1687
247326
58201
13778
94516
487445
22226
124045
23590
40599
22025
23423
9999999
11144
4090
27751
429
212081
27346
403148
7589
71487
23585
6809
1079
9488
13186
193
6608
6072
7589
9999999
106753
33341
196798
6930
263173
2804
20475
2267
41371
39
138768
9999999
36236
58910
9999999
745
21330
1087169
146408
229359
9999999
21835
4102
16536
15163
9085
133856
76750
52769
1514
63718
257
5811
17009
68074
13983
195004
10847
55129
48333
4622
276699
44958
407613
292397
1459038
7148
6081
7589
47394
7589
25364
12866
20209
55880
12460
23700
17465
5988
9569
15503
43927
14399
138933
7589
11683
7476
189390
4569
56096
37036
63288
45550
433701
7589
22394
15869
34099
37718
299171
718153
934
142037
9999999
48461
21586
2698
2960
60436
91
22703
20803
152601
7589
53603
84183
35760
68616
2114
15763
3958
101688
203771
9999999
49350
15601
24869
21886
1709
26680
78
40917
5814
1252000
13792
8727
9999999
23
7589
53942
16917
58349
182707
1490778
30443
9999999
10045
158868
21258
29690
1125
587015
4576
9379
3173
3275
48343
288427
405014
803
11292
13229
18115
7589
8970
11900
49089
32176
40831
7229
34276
161324
4937
7589
98064
7723
6055
37798
7589
47974
346606
1309478
14053
2796
55674
297
132224
113
2758
10777
1234633
30280
3375
41144
335427
9999999
191
125271
44813
26883
604802
39161
7589
98269
233697
115322
146653
1038187
9999999
14679
11584
7589
5808
144350
19957
174332
234507
42102
7589
21928
4887
26312
144080
502
12912
12409
24417
171741
34427
117281
52938
9999999
5412
66044
89571
109648
817085
317915
8844
28295
254337
57071
71229
2498
8726
15524
32676
47023
124287
308605
69764
227074
3688
192002
22337
22718
34510
387183
19272
211650
80118
87813
6786
9999999
30658
63340
246
20850
7360
9999999
9999999
19665
9999999
1675
235493
384178
100745
34470
1580
157891
148778
22462
10099
17293
91421
9999999
334
6336
125854
5002
633326
62094
7589
742020
181716
37418
59508
9319
19270
8939
7467
9999999
145874
468631
190503
2641
1110392
4702
18858
38603
2826
9051
5482
26968
237998
15845
3542
877801
1778
121120
9999999
25936
29651
14443
9480
692
67226
22060
68986
114932
32607
355102
9999999
8357
174038
40523
320259
250061
9790
918
32755
4502
11233
8398
23901
381845
128159
5095
589805
9999999
11671
40465
1479
51295
15525
9999999
361318
7589
85181
7589
43650
35
119629
7805
16343
9999999
9999999
9999999
7589
347256
15436
8191
3631
257191
88730
117315
952265
35906
134551
13741
722933
223270
12823
12733
56974
45801
631655
423
59371
7589
748
530663
320879
72093
273256
570422
11841
6289
34959
150995
30240
6518
44878
1111196
3537
9903
119014
80255
118737
39769
62197
13987
302779
1397
4854
17642
6872
73903
17290
1877
111638
25688
21367
226669
41616
17095
122096
783
2190
888
668753
158834
19727
329269
4608
521025
4212
182931
9999999
48756
1074
26132
7297
1571421
46386
86168
36528
184886
88141
21283
1922
3578
123338
284629
374872
129434
24564
133914
276064
9999999
382453
129418
7589
138547
37468
36822
36947
574227
112482
33
134299
8846
479
98992
142623
4004
45548
313004
500450
29244
23053
2889
61137
7589
11419
332394
223248
28284
31524
980
57354
125753
135
42070
293295
77905
18180
7730
17658
399871
856602
284966
198166
7589
38712
149552
9999999
16110
202984
61620
9999999
47540
14528
312093
6249
49753
33023
32399
298532
17704
1047
456792
26391
48408
102331
1171
29825
35121
47232
13793
7589
20083
785841
58604
7589
12667
2961
13644
1183099
9999999
486425
17717
19121
3814
23866
31263
24071
16804
558348
57059
20639
6975
2225
9999999
33745
2253
166
18216
87
42
52127
3707
9999999
68303
10230
252746
22813
112461
8235
11093
465830
30636
1489014
195807
3184
81183
49286
7631
115
9999999
512573
7759
23929
9999999
18982
15674
14454
38112
11434
46874
17592
606966
9999999
65480
9999999
299891
148708
207405
9830
610006
211414
7589
82453
1248592
417589
16322
189927
4870
50398
188809
138470
9999999
33039
220847
21343
622867
12408
49172
430080
477544
345363
13916
7589
248243
394418
67959
3487
24791
35293
62985
44251
1592905
36506
79392
463649
846
2485
10732
8647
420431
396
2045
2595
9999999
44166
9999999
13798
99103
334053
117018
33764
66324
361
57269
401478
49067
7589
294450
9999999
543
43049
14727
13508
8326
5818
16601
1387668
14223
124521
49544
7291
7314
12491
25436
29437
28617
367643
608
9999999
7589
153620
38963
2404
3011
95274
9999999
777708
99780
8325
30088
170214
214466
5344
95226
17083
1313774
21525
47330
446
17613
9999999
45238
46277
67746
1099076
199550
142
34006
324458
666294
7589
3561
2172
41566
85592
271309
103875
24520
51270
9999999
7767
151576
937185
109702
10178
309555
33451
13635
19955
32384
24309
962074
725888
46782
195701
59027
2812
9999999
9999999
185297
41215
11536
15913
7589
292394
3465
19321
26502
12064
7589
343
32403
4816
119
106735
9161
85636
240233
125169
86801
10182
42363
9999999
24538
24153
9999999
9999999
53332
38489
725312
16625
186206
12636
945131
9999999
54104
497712
170990
16418
15403
22861
18312
14538
30577
339099
27501
750873
38650
19454
10542
105951
719178
1208935
8717
14433
94573
298
110990
91513
42401
8315
35855
7589
4952
279430
166462
186004
3345
7361
28817
301483
5139
195366
15802
71974
4789
342107
69667
7993
44265
9999999
18883
10065
35583
21020
46682
45243
338056
65559
145525
53802
21962
126409
19753
55189
478
4684
36272
9146
54206
9999999
27936
137420
117067
40016
34788
1693
104992
19748
873
12283
2803
7589
130401
26907
11824
29260
274
1602555
88840
197636
20902
113768
1325
17239
42744
522592
153897
199376
9109
252912
302872
26585
16105
38125
82747
9851
125647
9999999
9492
61856
84174
298701
9617
689
9999999
624717
7589
106264
25470
49719
9999999
301524
134
176928
145910
25531
65468
78787
9999999
67483
116560
102856
4839
74
605798
3079
114328
182257
16949
1198051
9999999
217431
47258
82586
4706
416163
43289
155416
13151
326923
17903
38548
179711
691882
314748
9399
293
458202
31350
200312
7589
37229
103022
1105016
33906
1573219
29376
11238
856
9999999
924941
72986
35665
17260
41486
95338
4427
195627
34708
70084
11249
605646
25349
9999999
9999999
14947
50517
14514
232863
9999999
20313
9999999
7589
8446
4328
25152
364561
299047
12372
21568
14463
7281
107867
9999999
7589
9999999
3328
6002
16576
20496
476236
110288
71690
5176
1492
4656
219811
843322
39178
44221
37098
31368
7589
8791
32423
7589
15270
29430
160287
937
131293
40426
31271
1581207
505707
9999999
9999999
64444
9999999
73511
676313
23039
11710
369056
201026
9999999
104108
902777
304641
168954
251818
10853
88921
9251
23163
125885
36893
37823
141496
9999999
25620
15751
20311
50839
283045
6473
1298431
88120
52822
99340
1157254
9999999
1349
2361
3309
800211
62
9999999
6439
18001
25929
70615
111953
39535
384382
2270
142762
56958
7589
1258335
802840
22993
16448
12247
9999999
9999999
31506
6283
20948
22010
11551
16668
24016
69496
78825
689232
21316
28005
165
633701
9999999
6878
17328
390589
16354
131216
11534
299908
103462
127847
9612
142473
9999999
1826
41018
10933
12068
488
7589
26913
26056
41428
1443278
9999999
20119
85404
12225
1715
22274
17866
151647
92744
16849
1659
45995
474341
14332
12094
620274
7589
18337
7589
1698
600017
248078
6847
732904
299984
1646670
9999999
387793
318381
9999999
925034
85873
310387
33374
31862
7589
19502
97840
238355
65725
73598
20014
56510
33724
7589
85662
45776
171772
38496
10267
93809
23904
114478
7589
673958
18983
2049
599520
70177
245914
386656
294
14695
101778
309299
222763
240074
163144
20758
22828
1944
33355
8566
159569
18405
13658
14920
86091
138502
110405
175744
143466
88245
9999999
5041
9999999
1257128
599192
40745
246140
7653
9623
71539
925043
49693
9999999
9999999
1644039
33617
130102
25991
36668
1581
20430
24852
10056
3343
80356
36063
84854
8304
44538
924822
339167
46989
8046
67332
104113
686145
5922
4378
9999999
1934
3806
9999999
83335
21741
14717
28119
83128
62601
2211
124499
9999999
12455
357
12946
47713
9999999
9999999
478882
232165
479485
104692
79007
9999999
234310
1589
9999999
27814
7826
22238
150018
9999999
398302
73505
9999999
41318
116421
50617
155672
25438
104088
130566
19877
7589
46400
199118
469755
93109
4764
272823
70854
41158
2487
70355
15742
1130606
9468
837
26531
203040
7589
111729
191876
171996
136858
39504
697810
110342
425215
19565
158056
167582
21485
6311
10356
51878
22681
34097
9999999
32906
82001
285090
15412
123865
1213
408
5871
214921
10497
1607622
420844
49100
9999999
9999999
11393
9999999
44762
665098
28122
3147
757233
9999999
42358
196516
1441838
105401
218817
7589
33151
183978
629154
9999999
68874
39334
77754
499
477602
12499
1032
681051
12937
8977
439755
176415
1519698
758061
6788
1224895
38424
478375
72590
2213
10595
4118
9999999
674020
601075
155603
9999999
9999999
2470
584
16638
204519
175050
23265
1534518
110980
110698
9999999
29283
87237
51539
476590
253403
9999999
49191
21654
9999999
9999999
7589
128598
61836
63049
191510
96826
19417
9999999
1477982
15977
31679
20417
9999999
45792
14625
940777
82
117
283809
49176
25945
128050
365240
33853
542377
171490
206672
15377
50653
170884
141975
273895
115276
60457
65300
4670
198876
263475
16210
9999999
238685
2082
326325
45382
43199
20416
9999999
931857
28423
5503
20555
35987
9999999
9999999
9999999
364590
1740
271341
292
10655
849517
17265
509
327088
20095
9999999
787076
8608
43450
47712
50560
9999999
48999
22978
363135
7589
88953
76352
301
8158
106635
4869
47785
289077
7589
701444
9344
5831
23033
63833
41672
3980
9999999
7589
26878
333879
189701
164662
130166
9999999
2277
9999999
42657
246432
242
9999999
434550
22585
146706
334773
11290
26833
50476
18178
53217
8965
13366
27410
19551
7589
9999999
25551
5082
247697
920743
83263
274562
4547
12479
3694
21096
30480
351564
24594
3759
9999999
26308
23998
9083
103791
5114
252552
69463
8731
3700
31076
206979
530870
9999999
118527
488455
33810
121964
105893
103798
46830
88208
13114
1101973
70668
9999999
5921
9999999
44339
1506098
9999999
186315
4076
9999999
439244
21846
78402
20751
182183
651
9999999
9999999
6708
190694
9999999
3718
116170
2322
95503
24598
1679
38056
316422
1167273
9999999
230746
123992
1098
42815
265016
7595
48125
9999999
144306
20185
9999999
9999999
896892
365032
90219
14064
28445
55391
18836
63436
256930
22821
15095
141620
7589
89275
9999999
9999999
191873
4929
246890
1012862
93172
66848
1027
3372
23666
258049
15171
31548
9999999
16785
1643735
92553
145780
68299
93154
188398
24054
332529
16811
240147
9999999
31134
54854
15744
663993
7589
288
144171
54319
9999999
12681
107804
142465
250395
229214
300454
338913
6647
72429
353644
614129
137972
956178
