1015
tat 1 3 4 5 6 7 8 10 12 15 16 17 18 34 35 36 50 81 82 88 92 115 150 179 191 193 232 259 371 386 420 484 539 540 576
pat 0 5 6 7 8 9 10 12 14 15 18 29 30 45 46 69 70 71 88 92 108 179 180 182 193 227 259 311 386 411 470 576 874 875
say 15 22 24 29 41 43 48 51 55 56 76 104 112 113 125 186 187 190 226 271 281 299 302 319 481 535 619 756 841 842 877 903
tag 0 4 16 17 20 25 27 31 34 35 36 54 60 81 82 83 95 112 115 130 178 191 233 258 331 420 421 423 484 497 539 540
tap 0 3 11 14 16 17 34 35 36 42 47 48 59 81 82 85 90 101 115 119 124 191 195 224 234 370 420 431 484 539 540 623
bat 0 1 6 7 8 10 12 15 18 20 21 22 37 52 85 86 88 92 121 122 156 179 193 196 243 259 386 433 500 576 669
gat 0 1 5 7 8 10 12 15 18 24 59 88 92 94 95 96 132 133 134 135 169 179 193 212 213 259 346 386 392 446 576
hat 0 1 5 6 8 10 11 12 15 18 41 60 61 62 63 88 92 97 98 136 172 179 193 259 293 298 349 386 576 679 719
lat 0 1 5 6 7 10 12 15 18 25 26 42 43 64 88 92 99 100 139 174 175 179 193 216 218 259 263 386 562 563 576
pet 1 26 30 33 46 58 62 72 78 122 145 150 169 182 219 228 266 267 308 312 313 330 379 396 471 491 573 574 612 874 875
rat 0 1 5 6 7 8 12 15 18 31 33 47 74 75 76 88 92 110 111 147 179 193 230 259 314 386 414 480 576 651 693
hap 4 7 14 41 42 47 48 59 60 61 85 90 97 98 101 119 124 136 173 195 215 224 293 349 350 431 453 679 719 894
mat 0 1 5 6 7 8 10 13 15 18 27 65 66 88 92 101 102 103 104 140 179 193 219 259 358 386 461 462 466 576
mot 12 23 28 30 37 49 50 63 67 68 96 105 106 107 142 154 166 177 218 219 222 223 230 264 300 361 405 465 466 525
pap 1 4 11 29 42 45 47 48 59 69 70 71 85 90 101 108 119 124 180 181 195 224 227 229 311 312 411 431 470 474
sat 0 1 2 5 6 7 8 10 12 18 48 49 78 88 92 112 113 179 186 187 188 193 259 271 319 386 481 535 576 619
tan 0 3 4 17 34 35 36 81 82 108 115 118 121 127 133 140 147 151 191 192 207 274 325 338 360 420 484 490 539 540
taw 0 3 4 16 34 35 36 71 81 82 98 100 103 111 113 115 117 128 153 191 225 245 280 327 354 420 484 486 539 540
wat 0 1 5 6 7 8 10 12 15 51 83 88 92 118 119 120 152 153 154 179 193 194 259 278 328 330 375 386 425 576
ais 84 87 109 141 155 165 171 231 237 261 262 324 373 374 380 432 546 550 584 629 630 650 662 667 703 705 706 735 769
bag 3 5 21 22 25 27 31 52 54 60 83 85 86 95 112 121 130 159 178 196 240 241 258 331 335 433 497 500 669
bas 5 20 22 36 45 52 61 64 66 85 86 87 110 120 121 135 155 160 196 252 326 355 381 433 500 502 581 669 852
bay 2 5 20 21 24 29 41 43 51 52 55 56 76 85 86 104 121 125 196 226 281 299 302 336 433 500 548 669 710
cot 13 30 37 38 49 50 53 63 88 89 96 107 126 154 162 163 166 198 218 230 246 247 248 300 339 361 436 437 671
gay 2 6 22 29 41 43 51 55 56 59 76 94 95 104 125 132 133 134 135 212 226 281 299 302 346 446 450 596 805
lag 3 8 20 27 31 42 43 54 60 64 83 95 99 100 112 130 139 174 175 176 178 216 258 331 402 497 562 563 566
let 8 9 33 44 58 62 78 122 150 169 176 217 218 219 263 303 304 308 330 379 396 399 491 522 564 642 643 644 685
mag 3 12 20 25 31 54 60 65 66 68 83 95 101 102 103 104 112 130 140 178 221 258 331 358 404 406 461 462 497
mow 13 38 67 68 80 103 105 106 117 129 138 142 144 146 161 177 222 223 236 264 282 301 306 318 405 465 524 525 541
pay 1 2 14 22 24 41 43 45 51 55 56 69 70 71 76 104 108 125 180 226 227 281 299 302 311 411 470 839 961
pot 1 9 13 23 37 46 49 50 63 96 107 146 154 166 182 218 229 230 269 300 361 412 413 531 614 648 727 874 875
rag 3 10 20 25 27 47 54 60 74 75 76 83 95 110 111 112 130 147 178 184 258 314 316 331 414 477 497 651 693
ree 33 44 57 72 77 91 116 183 184 238 254 329 363 364 365 408 415 424 455 475 503 545 577 616 617 618 652 694 695
ret 9 10 26 32 58 62 78 122 150 169 183 184 219 230 308 330 363 364 365 379 396 415 475 480 491 616 617 618 652
tad 0 3 4 16 17 35 36 52 65 69 74 81 82 94 99 115 136 152 164 187 191 206 244 275 420 484 485 539 540
tar 0 3 4 16 17 34 36 70 81 82 86 102 115 131 134 139 191 194 197 372 378 420 454 484 489 529 539 540 554
tas 0 3 4 16 17 21 34 35 45 61 64 66 81 82 110 115 120 135 155 191 252 324 326 355 420 484 539 540 581
bot 5 13 23 30 49 50 63 96 107 122 154 156 157 158 159 160 161 166 218 230 243 284 285 300 336 361 501 549
cow 23 28 53 80 89 117 126 129 138 144 146 161 162 163 198 236 245 246 247 248 282 301 306 318 339 436 541 671
din 40 73 79 123 127 137 151 165 170 185 201 202 203 204 205 235 237 249 250 260 287 305 340 430 439 456 498 714
fin 39 73 79 93 123 137 151 167 170 185 207 209 210 211 235 237 260 291 305 389 430 443 456 498 510 594 636 716
hay 2 7 11 22 24 29 43 51 55 56 60 61 76 97 98 104 125 136 226 281 293 299 302 349 452 516 679 719
lap 4 8 11 14 25 43 47 48 59 64 85 90 99 100 101 119 124 139 174 175 195 216 224 401 431 460 562 563
lay 2 8 22 24 25 29 41 42 51 55 56 64 76 99 100 104 125 139 174 175 216 226 281 299 302 399 562 563
lee 26 32 57 72 77 91 116 176 217 238 254 303 304 329 399 408 424 455 503 522 545 564 604 642 643 644 685 746
pas 1 14 21 29 36 61 64 66 69 70 71 108 109 110 120 135 155 180 227 252 311 313 326 355 411 470 581 615
pit 1 9 30 73 84 109 156 167 172 181 182 188 203 213 232 263 268 309 356 375 472 575 583 613 691 810 874 875
rap 4 10 11 14 31 42 48 59 74 75 76 85 90 101 110 111 119 124 147 195 224 314 364 366 414 431 651 693
sap 2 4 11 14 15 42 47 59 85 90 101 112 113 119 124 186 187 189 195 224 271 272 319 431 481 535 619 621
sot 13 15 23 30 37 50 63 78 80 96 107 114 149 154 166 188 189 190 218 230 273 300 321 322 361 369 537 657
tot 0 13 23 30 37 49 63 96 107 117 150 154 166 192 218 230 232 233 234 275 276 277 300 361 371 422 488 489
way 2 18 22 24 29 41 43 55 56 76 83 104 118 119 120 125 152 153 194 226 278 281 299 302 328 425 882 906
bad 5 20 21 22 34 65 69 74 85 86 94 99 121 136 152 158 164 187 196 206 239 244 334 383 433 500 669
cob 23 38 89 105 114 126 143 157 162 163 168 198 246 247 248 255 256 317 337 339 357 397 436 459 495 504 671
dag 3 20 25 27 31 55 60 83 90 95 112 127 128 130 164 178 199 200 202 251 258 288 331 438 497 506 713
day 2 22 24 29 41 43 51 54 56 76 90 104 125 127 128 164 199 200 226 281 299 302 438 506 551 713 853
fay 2 22 24 29 41 43 51 55 76 92 104 125 130 131 206 207 226 252 281 289 290 299 302 345 441 779 864
fee 32 44 58 72 77 91 93 116 208 238 254 290 329 343 387 408 424 442 443 444 455 503 545 591 592 593 675
fet 9 26 33 57 62 78 92 93 122 150 167 169 208 219 290 308 330 343 379 387 396 442 491 591 592 593 675
gap 4 6 11 14 24 42 47 48 85 90 94 95 101 119 124 132 133 134 135 195 212 224 346 390 431 446 953
hag 3 7 11 20 25 27 31 41 54 61 83 95 97 98 112 130 136 178 258 293 295 331 349 395 497 679 719
has 7 11 21 36 41 45 60 64 66 97 98 110 120 135 136 155 171 252 293 296 326 349 355 393 581 679 719
het 7 9 26 33 58 63 78 122 150 169 172 214 219 298 308 330 350 351 379 393 396 491 515 516 599 638 720
hot 7 13 23 30 37 49 50 62 96 107 138 154 166 172 173 218 230 256 257 294 295 296 298 300 361 394 452
las 8 21 25 36 42 43 45 61 66 99 100 110 120 135 139 155 174 175 216 252 262 303 326 355 562 563 581
mad 12 27 34 52 66 67 69 74 94 99 101 102 103 104 136 140 152 164 187 206 220 244 358 403 461 462 567
mas 12 21 27 36 45 61 64 65 101 102 103 104 110 120 135 140 141 142 155 252 326 355 358 461 462 581 723
mod 13 28 65 68 105 106 126 142 158 177 220 222 223 264 269 273 275 292 294 403 405 409 417 465 525 544 567
mog 13 27 28 67 105 106 142 159 162 177 221 222 223 233 251 253 264 295 310 376 402 404 405 406 457 465 525
pad 1 14 29 34 45 52 65 70 71 74 94 99 108 136 152 164 180 187 206 227 228 244 269 311 411 470 473
par 1 14 29 35 45 69 71 86 102 108 131 134 139 180 194 197 227 311 372 378 411 454 470 529 554 574 649
paw 1 14 17 29 45 69 70 98 100 103 108 111 113 128 146 153 180 225 227 245 267 280 311 327 354 411 470
pee 9 32 44 57 77 91 116 145 228 238 254 266 267 312 313 329 408 424 455 471 472 503 545 573 574 612 692
pin 39 40 46 79 108 109 123 137 145 151 170 181 185 235 237 260 268 270 305 430 456 472 498 575 613 691 810
rad 10 31 34 47 52 65 69 75 76 94 99 110 111 136 147 152 164 183 187 206 244 314 315 414 417 651 693
ram 10 31 47 74 76 82 97 110 111 132 147 175 180 196 200 286 307 314 363 377 414 476 478 533 557 651 693
ray 2 10 22 24 29 31 41 43 47 51 55 56 74 75 104 110 111 125 147 226 281 299 302 314 414 651 693
see 32 44 57 72 78 91 116 148 238 254 319 320 329 367 408 418 419 424 455 482 503 545 653 654 655 658 876
set 9 15 26 33 49 58 62 77 122 148 150 169 188 219 308 320 330 367 379 396 418 419 482 491 653 654 655
sin 39 40 73 123 137 148 149 151 170 185 188 231 235 237 260 272 305 323 368 430 456 498 536 620 656 696 934
sow 28 38 49 113 114 117 129 138 144 146 149 161 189 190 236 273 282 301 306 318 320 321 322 369 537 541 657
tae 0 3 4 16 17 34 35 36 82 115 116 191 276 293 319 328 346 420 462 484 487 539 540 568 640 659 844
tam 0 3 4 16 17 34 35 36 75 81 97 115 132 175 180 191 196 200 286 307 377 420 484 488 539 540 557
wag 3 18 20 25 27 31 51 54 60 95 112 118 119 120 130 152 153 178 194 258 278 328 331 376 425 497 542
ait 19 46 156 167 172 188 203 213 232 237 263 309 356 375 380 583 585 629 630 666 708 733 767 769 818 825
bap 4 5 11 14 20 21 22 42 47 48 52 59 86 90 101 119 121 124 195 196 224 285 431 433 500 669
bar 5 20 21 22 35 52 70 85 102 121 131 134 139 194 196 197 372 378 433 454 500 529 554 632 669 914
bis 19 21 109 123 141 156 160 165 171 231 239 240 261 262 324 373 374 381 434 502 550 650 662 799 800 852
cat 0 1 5 6 7 8 10 12 15 18 23 92 124 125 179 193 197 244 245 259 286 337 338 386 437 576
cop 23 38 53 124 126 162 163 173 177 189 198 229 234 246 247 248 285 339 388 427 436 460 521 589 671 737
dap 4 11 14 42 47 48 54 55 59 85 101 119 124 127 128 164 195 199 200 224 250 431 438 506 553 713
dee 32 44 57 72 77 116 201 238 254 329 340 341 384 408 424 455 503 507 509 545 551 633 634 672 738 776
fat 0 1 5 6 7 8 10 12 15 18 56 58 88 130 131 167 179 193 206 207 252 259 289 386 441 576
fen 40 57 58 145 148 201 207 208 211 214 274 283 290 343 347 359 387 389 426 429 442 458 591 592 593 675
gad 6 24 34 52 59 65 69 74 95 99 132 133 134 135 136 152 164 187 206 212 244 292 346 348 446 447
gag 3 6 20 24 25 27 31 54 59 60 83 94 112 130 132 133 134 135 178 212 258 331 346 446 448 497
got 6 13 23 30 37 49 50 63 107 154 166 169 213 218 230 255 292 300 361 392 449 450 513 556 598 718
ham 7 11 41 60 61 75 82 98 132 136 175 180 196 200 286 293 307 349 353 377 451 515 557 679 719 918
haw 7 11 17 41 60 61 71 97 100 103 111 113 128 136 138 153 225 245 280 293 327 349 351 354 679 719
lad 8 25 34 42 43 52 64 65 69 74 94 100 136 139 152 164 174 175 187 206 216 217 244 400 562 563
law 8 17 25 42 43 64 71 98 99 103 111 113 128 139 153 174 175 216 225 245 280 306 327 354 562 563
map 4 11 12 14 27 42 47 48 59 65 66 85 90 102 103 104 119 124 140 177 195 224 358 431 461 462
mar 12 27 35 65 66 70 86 101 103 104 131 134 139 140 194 197 264 358 372 378 454 461 462 529 554 645
maw 12 17 27 28 65 66 71 98 100 101 102 104 111 113 128 140 153 225 245 280 327 354 358 461 462 524
may 2 12 22 24 27 29 41 43 51 55 56 65 66 76 101 102 103 125 140 226 281 299 302 358 461 462
mob 13 28 53 67 68 106 114 142 143 157 168 177 222 223 255 256 264 317 357 397 405 459 463 465 495 525
mon 13 28 67 68 105 140 142 149 163 177 192 204 211 222 223 257 264 279 359 405 407 465 496 525 741 743
not 13 23 30 37 49 50 63 96 143 144 154 166 218 230 300 308 309 310 361 409 410 468 469 569 571 647
pan 1 14 16 29 45 69 70 71 73 118 121 127 133 140 145 147 180 207 227 270 311 338 360 411 470 490
pis 19 45 46 73 87 141 165 171 181 231 261 262 268 313 324 373 374 472 550 575 613 615 650 662 691 810
ras 10 21 31 36 45 47 61 64 66 74 75 76 111 120 135 147 155 252 314 326 355 365 414 581 651 693
raw 10 17 31 47 71 74 75 76 98 100 103 110 113 128 147 153 225 245 280 314 318 327 354 414 651 693
sag 2 3 15 20 25 27 31 48 54 60 83 95 113 130 178 186 187 258 271 319 331 367 481 497 535 619
saw 2 15 17 48 71 80 98 100 103 111 112 128 153 186 187 225 245 271 280 319 320 327 354 481 535 619
sob 49 53 80 105 143 149 157 168 186 189 190 255 256 273 317 321 322 357 368 369 397 459 483 495 537 657
tab 0 3 4 16 17 34 35 36 81 82 174 186 191 199 212 265 278 289 337 420 484 519 539 540 560 578
tee 32 44 57 72 77 81 91 150 238 254 274 276 329 408 421 424 455 485 486 487 503 545 622 659 697 844
tow 17 28 38 50 80 129 138 144 146 161 192 233 234 236 275 276 277 282 301 306 318 422 486 488 489 541
wan 16 18 51 83 108 119 120 121 127 133 140 147 152 153 194 207 235 278 279 328 338 360 425 426 490 908
wap 4 11 14 18 42 47 48 51 59 83 85 90 101 118 120 124 152 153 194 195 224 278 328 425 427 431
was 18 21 36 45 51 61 64 66 83 110 118 119 135 152 153 155 194 252 278 326 328 355 374 425 428 581
ban 5 16 20 21 22 52 85 86 108 118 123 127 133 140 147 196 207 242 283 338 360 433 490 500 669
bet 5 9 26 33 37 58 62 78 150 156 169 219 238 243 283 308 330 334 335 379 381 396 491 548 587
bin 39 40 73 79 87 121 137 151 156 170 185 235 237 239 240 242 260 283 305 430 434 456 498 799 800
cap 4 11 14 42 47 48 59 85 88 89 90 101 119 125 195 197 224 244 245 286 337 338 431 589 737
cay 2 22 24 29 41 43 51 55 56 76 88 104 124 197 226 244 245 248 281 286 299 302 337 338 826
cod 23 38 53 67 89 158 162 163 198 244 246 247 248 269 273 275 292 294 339 409 417 436 544 588 671
dan 16 39 54 55 90 108 118 121 128 133 140 147 164 199 200 201 204 205 207 338 360 438 490 506 713
daw 17 54 55 71 90 98 100 103 111 113 127 129 153 164 199 200 225 245 280 327 354 384 438 506 713
dow 28 38 80 117 128 138 144 146 161 166 204 236 251 282 301 306 318 341 384 385 440 541 552 590 739
fag 3 20 25 27 31 54 56 60 83 92 95 112 131 178 206 207 210 252 253 258 289 331 441 497 511
far 35 56 70 86 92 102 130 134 139 194 197 206 207 252 289 344 372 378 441 442 454 510 529 554 717
gam 6 24 59 75 82 94 95 97 133 134 135 175 180 196 200 212 286 307 346 377 446 514 557 678 952
gan 6 16 24 59 94 95 108 118 121 127 132 134 135 140 147 170 207 212 338 346 347 360 391 446 490
gar 6 24 35 59 70 86 94 95 102 131 132 133 135 139 194 197 212 346 372 378 446 454 529 554 556
gas 6 21 24 36 45 59 61 64 66 94 95 110 120 132 133 134 155 212 252 326 346 355 446 449 581
had 7 11 34 41 52 60 61 65 69 74 94 97 98 99 152 164 187 206 244 293 294 349 352 679 719
hin 39 40 73 79 123 151 170 171 172 185 214 215 235 237 257 260 297 305 352 430 451 456 498 517 742
how 28 38 63 80 98 117 129 144 146 161 173 236 256 257 282 294 295 296 301 306 318 351 394 452 541
lar 8 25 35 42 43 64 70 86 99 100 102 131 134 174 175 194 197 216 372 378 454 529 554 562 563
man 12 16 27 65 66 101 102 103 104 106 108 118 121 127 133 147 207 338 358 359 360 407 461 462 490
mis 19 66 87 109 142 165 171 220 221 231 261 262 324 373 374 463 464 550 607 608 645 650 662 688 723
mos 13 28 66 67 68 105 106 141 160 177 198 222 223 264 296 321 385 405 410 428 449 465 525 561 723
nob 53 105 107 114 144 157 168 255 256 265 310 317 357 397 409 410 459 467 468 469 495 569 570 647 747
now 28 38 80 107 117 129 138 143 146 161 225 236 282 301 306 310 318 409 410 468 469 541 569 610 647
pen 9 72 73 93 108 148 201 214 228 266 267 270 274 283 312 313 347 359 426 429 458 471 573 574 612
pow 28 30 38 71 80 117 129 138 144 161 229 236 267 269 282 301 306 318 412 413 531 541 614 648 727
ran 10 16 31 47 74 75 76 108 110 111 118 121 127 133 140 185 207 314 338 360 414 479 490 651 693
sen 77 78 79 93 145 149 201 214 274 283 320 323 347 359 367 418 419 426 429 458 482 653 654 655 934
son 49 79 80 106 114 148 163 189 190 192 204 211 257 273 279 321 322 323 369 496 537 657 741 743 934
tet 0 9 26 33 50 58 62 78 116 122 169 219 232 274 308 330 371 379 396 421 485 486 491 622 697
tin 16 39 40 73 79 123 137 170 185 192 232 235 237 260 274 305 324 325 370 430 456 487 498 728 789
wad 18 34 51 52 65 69 74 83 94 99 118 119 120 136 153 164 187 194 206 244 278 328 425 624 815
waw 17 18 51 71 83 98 100 103 111 113 118 119 120 128 152 194 225 236 245 278 280 327 328 354 425
wot 13 18 23 30 37 49 50 63 96 107 166 218 230 236 279 300 330 361 375 376 427 428 493 494 814
aas 19 21 36 45 61 64 66 110 120 135 252 326 355 432 546 581 584 667 703 705 706 735 765 766
bit 5 37 46 84 87 122 123 167 172 188 203 213 232 239 240 243 263 309 356 375 434 583 799 800
bob 37 53 105 114 143 158 159 160 161 168 255 256 284 285 317 336 357 382 397 434 459 495 501 549
bod 37 52 67 126 157 159 160 161 239 269 273 275 284 285 292 294 334 336 383 409 417 501 544 549
bog 20 37 68 157 158 160 161 162 233 240 241 251 253 284 285 295 310 335 336 376 402 457 501 549
bos 21 37 87 142 157 158 159 161 198 284 285 296 321 336 381 385 410 428 449 501 502 549 561 852
bow 28 37 38 80 117 129 138 144 146 157 158 159 160 236 282 284 285 301 306 318 336 501 541 549
cog 23 38 53 68 89 126 159 163 198 233 246 247 248 251 253 295 310 339 376 402 436 457 670 671
con 23 38 53 89 106 126 149 162 192 198 204 211 246 247 248 257 279 338 339 436 496 671 741 743
dad 34 52 54 55 65 69 74 90 94 99 127 128 136 152 187 199 200 206 244 249 438 506 508 713
dis 19 39 87 109 141 171 202 203 231 249 250 261 262 287 324 340 373 374 385 439 550 650 662 714
dot 13 23 30 37 49 50 63 96 107 129 154 203 204 218 230 251 300 341 361 385 440 552 590 739
fit 40 46 58 84 92 156 172 188 203 209 210 213 232 263 291 309 356 375 443 510 583 594 636 716
fob 53 105 114 143 157 211 253 255 256 289 291 317 344 345 357 388 397 444 445 459 495 555 676 677
get 6 9 26 33 58 62 78 96 122 150 213 219 254 308 330 347 379 392 396 447 491 595 596 678
gin 39 40 73 79 123 133 137 151 185 213 235 237 260 305 347 348 390 391 430 448 456 498 512 597
his 19 61 87 109 137 141 165 172 215 231 261 262 296 324 352 373 374 393 451 517 550 650 662 742
hit 7 46 62 63 84 137 156 167 171 188 203 213 215 232 263 298 309 352 356 375 451 517 583 742
hop 11 63 89 138 177 189 215 229 234 256 257 285 294 295 296 350 388 394 427 452 453 460 521 894
lab 8 25 42 43 64 99 100 115 139 175 186 199 212 216 265 278 289 337 357 519 523 560 562 563
lam 8 25 42 43 64 75 82 97 99 100 132 139 174 180 196 200 216 286 307 377 557 562 563 686
leg 25 26 44 184 217 266 303 304 335 367 399 402 404 421 522 564 566 603 609 642 643 644 660 685
mop 13 28 67 68 89 101 105 106 142 173 189 222 223 229 234 264 285 388 405 427 460 465 521 525
nag 3 20 25 27 31 54 60 83 95 112 130 224 225 226 258 265 307 310 331 360 497 527 568 609
oat 0 1 5 6 7 8 10 12 15 18 88 92 193 259 361 386 529 530 576 753 836 838 928 929
pam 1 14 29 45 69 70 71 75 82 97 108 132 175 196 200 227 286 307 311 377 411 470 531 557
pip 14 46 73 109 215 229 250 268 272 312 366 370 390 398 401 472 474 528 575 580 582 613 691 810
put 1 9 30 46 243 270 298 362 371 392 437 466 473 474 480 530 532 571 602 615 649 755 874 875
red 32 33 74 184 208 217 228 315 334 363 364 365 403 415 417 447 475 485 616 617 618 624 652 729
reg 31 32 33 176 183 266 316 335 363 364 365 367 404 415 421 475 477 603 609 616 617 618 652 660
rin 39 40 73 79 123 137 147 151 170 235 237 260 305 315 316 366 416 430 456 476 479 498 787 788
sab 2 15 48 112 113 114 115 174 187 199 212 265 271 278 289 319 337 368 481 483 519 535 560 619
sad 2 15 34 48 52 65 69 74 94 99 112 113 136 152 164 186 206 244 271 273 319 481 535 619
sit 15 46 49 78 79 84 156 167 172 203 213 231 232 263 272 309 356 368 375 536 583 620 656 696
sop 48 49 80 89 114 149 173 177 190 229 234 272 273 285 321 322 369 388 427 460 521 537 621 657
soy 2 49 80 114 149 189 248 273 321 322 336 345 369 422 450 452 537 657 682 756 841 842 877 903
tax 0 3 4 16 17 34 35 36 81 82 115 216 227 271 314 358 420 425 441 484 539 540 763 845
ton 16 50 106 117 149 151 163 204 211 233 234 257 274 275 276 277 279 325 422 488 489 496 741 743
vat 0 1 5 6 7 8 10 12 15 18 88 92 179 259 326 327 372 386 490 491 576 757 790 813
war 18 35 51 70 83 86 102 118 119 120 131 134 139 152 153 197 278 328 372 378 425 454 529 554
yap 4 11 14 42 47 48 59 85 90 101 119 124 224 280 281 331 377 378 431 580 625 626 760 762
bam 5 20 21 22 52 75 82 85 86 97 121 132 175 180 200 286 307 377 433 435 500 557 669
car 35 70 86 88 102 124 125 131 134 139 194 244 245 247 286 337 338 372 378 454 529 554 712
cos 23 38 53 89 126 142 160 162 163 246 247 248 296 321 339 385 410 428 436 449 550 561 671
dab 54 55 90 115 127 128 164 174 186 200 212 265 278 287 289 337 342 438 506 519 560 633 713
dam 54 55 75 82 90 97 127 128 132 164 175 180 196 199 286 307 377 438 439 440 506 557 713
den 39 91 93 127 145 148 204 205 214 274 283 347 359 384 426 429 458 507 551 633 634 738 776
dig 39 54 165 203 210 221 240 249 250 251 268 287 288 316 340 439 448 492 542 558 628 670 714
dit 39 46 84 156 165 166 167 172 188 202 213 232 249 250 263 287 309 340 356 375 439 583 714
don 39 106 127 129 149 163 166 192 201 205 211 251 257 279 341 385 440 496 552 590 739 741 743
dun 39 127 201 204 242 270 288 297 323 325 342 389 391 407 479 508 509 553 601 611 777 801 827
fad 34 52 56 65 69 74 92 94 99 130 131 136 152 164 187 207 208 209 244 252 289 441 637
fan 16 40 56 92 93 108 118 121 127 130 131 133 140 147 206 211 252 289 338 360 389 441 490
fed 57 58 93 183 206 209 217 228 290 334 343 387 403 442 447 485 591 592 593 624 637 675 729
fid 40 167 206 208 210 220 239 249 291 315 348 352 380 400 443 510 520 579 594 636 637 663 716
fig 40 130 167 202 209 221 240 253 268 291 316 443 448 492 510 511 542 558 594 628 636 670 716
fon 40 93 106 149 163 168 192 204 207 253 257 279 344 345 388 389 444 445 496 676 677 741 743
gab 6 24 59 94 95 115 132 133 134 135 174 186 199 255 265 278 289 337 346 446 512 519 560
git 6 46 84 96 156 167 169 170 172 188 203 232 263 309 348 356 375 390 392 448 512 583 597
hen 62 93 137 145 148 201 257 274 283 297 347 350 351 359 393 426 429 458 515 516 599 638 720
hip 11 137 171 172 173 181 250 272 350 352 366 370 390 398 401 451 453 517 528 580 582 742 894
lax 8 25 42 43 64 99 100 139 174 175 191 227 271 304 314 358 425 441 562 563 565 763 868
led 26 44 99 176 183 208 228 303 304 334 399 400 403 447 485 522 564 624 642 643 644 685 729
lot 8 13 23 26 30 37 49 50 63 96 107 154 166 230 263 300 306 357 361 402 460 565 605
met 9 12 13 26 33 58 62 78 122 150 169 308 330 359 379 396 403 404 466 491 524 606 687
mid 65 67 141 209 221 239 249 315 348 352 380 400 403 463 464 520 567 579 607 608 645 663 688
mig 27 68 141 202 210 220 240 268 316 404 406 448 463 464 492 542 558 607 608 628 645 670 688
mom 13 28 67 68 105 106 142 177 223 264 369 405 440 464 465 468 488 525 526 531 533 627 687
moo 13 28 67 68 105 106 142 177 222 246 264 277 284 405 412 465 469 494 513 525 605 794 927
nap 4 11 14 42 47 48 59 85 90 101 119 124 178 195 225 226 265 307 360 431 527 528 568
naw 17 71 98 100 103 111 113 128 144 153 178 224 226 245 265 280 307 327 354 360 527 568 610
nay 2 22 24 29 41 43 51 55 56 76 104 125 178 224 225 265 281 299 302 307 360 527 568
pax 1 14 29 45 69 70 71 108 180 191 216 271 311 314 358 411 413 425 441 470 575 763 933
ped 9 69 72 145 183 208 217 266 267 269 312 313 334 403 447 471 473 485 573 574 612 624 729
pop 14 30 89 146 173 177 181 189 234 269 285 312 388 412 413 427 460 474 521 531 614 648 727
rot 10 13 23 30 33 37 49 50 63 96 107 154 166 218 300 317 318 361 417 480 533 577 811
sis 19 79 87 109 141 165 171 188 261 262 272 321 324 368 373 374 536 550 620 650 656 662 696
tit 0 46 50 84 150 151 156 167 172 188 203 213 263 309 324 356 370 371 375 487 583 728 789
tog 3 50 68 117 159 162 192 234 251 253 275 276 277 295 310 376 402 421 422 423 457 488 489
top 4 50 89 117 173 177 189 192 229 233 275 276 277 285 370 388 422 427 460 488 489 521 623
win 39 40 73 79 118 123 137 151 170 185 237 260 279 305 374 375 426 430 456 498 542 907 908
wow 28 38 80 117 129 138 144 146 153 154 161 279 282 301 306 318 376 427 428 493 494 541 814
ain 19 39 40 73 79 84 123 137 151 170 185 235 260 305 380 430 456 498 629 630 769 912
bee 32 44 57 72 77 91 116 122 254 283 329 334 335 381 408 424 455 503 545 548 587 736
bid 52 87 123 156 158 209 220 240 249 315 334 348 352 380 383 400 434 520 579 663 799 800
big 20 87 123 156 159 202 210 221 239 241 268 316 335 434 448 492 542 558 628 670 799 800
bug 20 159 240 242 243 288 335 362 382 383 395 406 423 435 477 502 511 559 566 632 699 710
bun 121 123 205 241 243 270 283 297 323 325 382 383 389 391 407 435 479 502 601 611 632 710
but 5 37 122 156 182 241 242 298 371 382 383 392 435 437 466 480 502 530 571 602 632 710
cad 34 52 65 69 74 88 94 99 124 125 126 136 152 164 187 197 206 245 286 337 338 588
caw 17 38 71 88 98 100 103 111 113 124 125 128 153 197 225 244 280 286 327 337 338 354
coo 23 38 53 89 126 162 163 198 223 247 248 277 284 339 412 436 469 494 513 605 671 794
cor 23 38 53 89 126 162 163 197 198 246 248 264 339 344 436 489 552 556 569 671 684 712
coy 23 38 53 89 125 126 162 163 190 198 246 247 336 339 345 422 436 450 452 671 682 826
did 39 164 165 202 203 209 220 239 250 287 315 340 348 352 380 400 439 508 520 579 663 714
dip 39 90 165 181 202 203 215 249 272 287 340 366 370 390 398 401 439 528 553 580 582 714
dog 54 68 129 159 162 166 202 204 233 253 288 295 310 341 376 385 402 440 457 552 590 739
fas 21 36 45 56 61 64 66 92 110 120 130 131 135 155 206 207 289 326 355 387 441 581
fog 68 130 159 162 168 210 211 233 251 295 310 344 345 376 388 402 444 445 457 511 676 677
gee 32 44 57 72 77 91 116 169 238 329 346 347 408 424 447 455 503 545 595 596 597 678
gob 53 96 105 114 143 157 168 212 256 292 317 357 397 449 450 459 495 512 513 556 598 718
hob 53 63 105 114 138 143 157 168 173 255 257 294 295 296 317 357 394 397 452 459 495 518
hon 63 106 137 138 149 163 173 192 204 211 214 256 279 294 295 296 297 394 452 496 741 743
jag 3 20 25 27 31 54 60 83 95 112 130 178 299 331 354 454 457 497 519 557 558 559
kat 0 1 5 6 7 8 10 12 15 18 88 92 179 193 302 355 356 386 560 576 640 832
kin 39 40 73 79 123 137 151 170 185 235 237 261 305 356 398 430 456 458 498 520 744 782
kis 19 87 109 141 165 171 231 260 262 324 355 356 373 374 398 520 550 561 650 662 744 782
lis 19 64 87 109 141 165 171 231 261 263 303 305 324 373 374 400 401 523 550 604 650 662
lit 8 26 46 84 156 167 172 188 203 213 218 232 262 305 309 356 375 400 401 523 583 604
mor 13 28 67 68 102 105 106 142 177 222 223 247 344 405 465 489 525 552 556 569 645 684
nab 115 143 174 178 186 199 212 224 225 226 278 289 307 337 360 467 519 527 560 568 570 747
peg 9 72 145 176 184 228 267 268 312 313 335 362 367 404 421 471 573 574 603 609 612 660
pew 9 71 72 145 146 228 266 312 313 320 343 351 384 471 486 524 543 573 574 610 612 639
pig 46 73 109 181 202 210 221 240 266 316 362 448 472 492 542 558 575 613 628 670 691 810
pod 30 67 69 126 146 158 228 229 273 275 292 294 409 412 413 417 473 531 544 614 648 727
pun 73 108 145 182 205 242 297 323 325 362 389 391 407 473 474 479 532 601 611 615 649 755
sax 2 15 48 112 113 186 187 191 216 227 314 319 322 358 419 425 441 481 535 619 620 763
sip 48 79 181 188 189 215 231 250 366 368 370 390 398 401 528 536 580 582 620 621 656 696
sod 49 67 80 114 126 149 158 187 189 190 269 275 292 294 321 322 369 409 417 537 544 657
ten 16 93 116 145 148 150 151 192 201 214 283 325 347 359 421 426 429 458 485 486 622 697
tod 34 50 67 117 126 158 192 233 234 269 273 276 277 292 294 409 417 422 485 488 489 544
toe 50 81 116 117 192 233 234 275 277 341 394 422 444 487 488 489 493 577 659 681 758 844
too 50 117 192 223 233 234 246 275 276 284 412 420 422 469 488 489 494 513 605 794 812 966
wab 18 51 83 115 118 119 120 152 153 174 186 194 199 212 265 289 328 337 425 519 560 846
won 106 118 149 154 163 192 204 211 235 236 257 376 426 427 428 493 494 496 741 743 814 908
yaw 17 71 98 100 103 111 113 128 153 195 225 245 281 282 327 331 354 377 378 543 625 760
yay 2 22 24 29 41 43 51 55 56 76 104 125 195 226 280 299 302 331 377 378 625 760
yow 28 38 80 117 129 138 144 146 161 236 280 301 306 318 495 496 541 543 544 627 816 847
ben 93 121 122 123 145 148 201 214 238 242 274 334 335 347 359 381 426 429 458 548 587
boo 37 157 158 159 160 161 223 246 277 285 336 412 469 494 501 513 549 605 794 799 889
bop 37 85 89 157 158 159 160 161 173 177 189 229 234 284 336 388 427 460 501 521 549
cam 75 82 88 97 124 125 132 175 180 196 197 200 244 245 307 337 338 377 505 557 992
dib 39 165 199 202 203 249 250 291 340 342 368 416 434 439 463 467 512 523 633 680 714
dug 54 202 205 241 251 342 362 395 406 423 477 508 509 511 553 559 566 699 777 801 827
fab 56 92 115 130 131 168 174 186 199 206 207 212 252 265 278 291 337 441 519 555 560
fey 56 57 58 93 208 343 345 387 399 442 516 548 551 591 592 593 596 675 683 779 864
fib 40 167 168 209 210 287 289 368 416 434 443 463 467 510 512 523 555 594 636 680 716
god 67 94 96 126 158 255 269 273 275 294 348 409 417 447 449 450 513 544 556 598 718
hae 7 11 41 60 61 81 97 98 136 319 328 346 349 394 462 517 568 600 640 679 719
hod 63 67 126 136 138 158 173 256 257 269 273 275 292 295 296 352 394 409 417 452 544
hog 60 63 68 138 159 162 173 233 251 253 256 257 294 296 310 376 394 395 402 452 457
hos 61 63 138 142 160 171 173 198 256 257 294 295 321 385 393 394 410 428 449 452 561
hun 137 205 214 242 257 270 298 323 325 353 389 391 395 407 453 479 518 600 601 611 780
hut 7 62 63 172 182 243 297 353 371 392 395 437 453 466 480 518 530 571 600 602 780
jay 2 22 24 29 41 43 51 55 56 76 104 125 226 258 281 302 354 454 519 557 682
jot 13 23 30 37 49 50 63 96 107 154 166 218 230 301 361 396 397 457 602 681 682
jow 28 38 80 117 129 138 144 146 161 236 282 300 306 318 354 397 457 541 639 681 682
kay 2 22 24 29 41 43 51 55 56 76 104 125 226 259 281 299 355 560 640 683 832
les 26 44 64 176 217 262 304 313 365 381 387 393 399 522 564 642 643 644 685 689 701
lex 26 44 176 216 217 303 399 415 419 522 564 565 599 634 642 643 644 685 722 791 868
lin 39 40 73 79 123 137 151 170 185 235 237 260 262 263 400 401 430 456 498 523 604
low 28 38 80 100 117 129 138 144 146 161 218 236 282 301 318 357 402 460 541 565 605
nam 75 82 97 132 175 178 180 196 200 224 225 226 265 286 360 377 468 527 557 568 646
net 9 26 33 58 62 78 107 122 150 169 219 309 330 379 396 408 491 571 609 610 747
nit 46 84 107 156 167 172 188 203 213 232 263 308 356 375 467 528 571 583 646 784 806
nog 68 107 143 144 159 162 178 233 251 253 295 376 402 409 410 457 468 469 569 609 647
pah 1 14 29 45 69 70 71 108 180 227 349 411 414 433 438 470 527 573 625 648 765
pep 9 14 72 145 181 228 229 266 267 313 350 364 471 474 573 574 612 626 641 737 764
pes 9 45 72 109 145 228 266 267 303 312 365 381 387 393 471 573 574 612 615 689 701
rax 10 31 47 74 75 76 110 111 147 191 216 227 271 358 414 415 425 441 651 693 763
rid 74 183 185 209 220 239 249 316 348 352 366 380 400 416 417 476 520 579 663 787 788
rig 31 184 185 202 210 221 240 268 315 366 416 448 476 477 492 542 558 628 670 787 788
rob 53 105 114 143 157 168 230 255 256 318 357 397 416 417 459 475 495 533 534 577 811
row 28 38 80 111 117 129 138 144 146 161 230 236 282 301 306 317 417 533 541 577 811
sae 2 15 48 77 81 112 113 186 187 271 293 328 346 462 481 535 568 619 640 658 876
sew 77 78 80 113 148 267 343 351 367 384 418 419 482 486 524 543 610 639 653 654 655
sos 49 80 114 142 149 160 189 190 198 231 273 296 322 369 385 410 428 449 537 561 657
sox 49 80 114 149 189 190 271 273 321 339 369 413 419 445 501 537 565 598 620 657 792
sun 79 148 149 205 242 270 297 325 389 391 407 479 483 538 601 611 621 658 843 904 934
tis 19 36 87 109 141 151 165 171 231 232 261 262 370 373 374 487 550 650 662 728 789
tun 16 151 192 205 242 270 274 297 323 371 389 391 407 423 479 578 601 611 623 845 879
vas 21 36 45 61 64 66 110 120 135 155 193 252 327 355 372 373 490 581 757 790 813
vaw 17 71 98 100 103 111 113 128 153 193 225 245 280 326 354 372 490 541 757 790 813
wae 18 51 81 83 118 119 120 152 153 194 278 293 319 329 346 425 462 493 568 640 700
wee 32 44 57 72 77 91 116 238 254 328 330 408 424 426 455 493 503 545 624 700 846
wet 9 18 26 33 58 62 78 122 150 154 169 219 308 329 375 379 396 426 491 624 846
yag 3 20 25 27 31 54 60 83 95 112 130 178 195 258 280 281 377 378 497 625 760
are 333 432 499 547 572 585 586 631 664 668 673 704 709 771 772 774 822 823 824 923
aye 332 499 547 586 631 635 659 664 668 672 692 695 700 704 709 735 736 745 746 774
bed 52 122 158 183 208 217 228 238 239 283 335 381 383 403 447 485 548 587 624 729
beg 20 122 159 176 184 238 240 241 266 283 334 367 381 404 421 548 587 603 609 660
boy 22 37 157 158 159 160 161 190 248 284 285 345 422 450 452 501 548 549 682 710
cab 53 88 115 124 125 174 186 197 199 212 244 245 265 278 286 289 338 504 519 560
can 16 88 108 118 121 124 125 127 133 140 147 163 197 207 244 245 286 337 360 490
cox 23 38 53 89 126 162 163 198 246 247 248 322 413 436 445 501 565 598 671 792
die 39 91 165 202 203 249 250 287 341 439 443 472 487 509 517 597 604 661 672 714
doe 91 129 166 204 251 276 340 385 394 440 444 493 509 552 577 590 672 681 739 758
dub 199 205 287 288 382 483 504 508 509 518 532 534 553 555 570 578 633 777 801 827
few 57 58 93 208 267 290 320 351 384 387 442 486 524 543 591 592 593 610 639 675
for 131 168 211 247 253 264 345 388 442 444 445 489 510 552 556 569 676 677 684 717
foy 56 168 190 211 248 253 290 336 344 388 422 444 445 450 452 676 677 682 779 864
gae 6 24 59 81 94 95 132 133 134 135 212 254 293 319 328 446 462 568 597 640
gen 93 133 145 148 169 170 201 214 254 274 283 359 391 426 429 447 458 595 596 678
gid 94 170 209 213 220 239 249 292 315 352 380 390 400 447 448 512 520 579 597 663
hah 7 11 41 60 61 97 98 136 293 311 414 433 438 527 625 638 679 719 765 780
hep 11 62 173 214 215 312 351 364 393 453 515 516 599 626 638 641 720 737 764 894
hew 62 98 138 214 267 320 343 350 384 393 486 515 516 524 543 599 610 638 639 720
hid 136 137 171 172 209 215 220 239 249 294 315 348 380 400 451 517 520 579 663 742
hum 97 297 298 395 435 451 453 478 505 514 515 518 526 538 600 686 702 759 780 918
jaw 17 71 98 100 103 111 113 128 153 225 245 258 280 299 301 327 454 519 557 639
kas 21 36 45 61 64 66 110 120 135 155 252 259 261 302 326 560 561 581 640 832
kit 46 84 156 167 172 188 203 213 232 259 260 261 263 309 375 398 520 583 744 782
lob 53 105 114 143 157 168 174 218 255 256 306 317 397 402 459 460 495 523 565 605
max 12 27 65 66 101 102 103 104 140 191 216 227 271 314 425 441 461 462 688 763
men 93 106 140 145 148 201 214 219 274 283 347 403 404 407 426 429 458 524 606 687
nan 16 108 118 121 127 133 140 147 178 207 224 225 226 265 307 338 490 527 568 611
oot 13 23 30 37 49 50 63 96 107 154 166 179 218 230 300 530 753 836 838 959
pug 182 241 266 268 270 288 395 406 423 473 474 477 511 532 559 566 615 649 699 755
rem 32 33 75 183 184 364 365 415 475 476 478 515 533 592 616 617 618 652 678 687
rep 32 33 47 183 184 312 350 363 365 366 415 475 616 617 618 626 641 652 737 764
res 32 33 110 183 184 303 313 363 364 381 387 393 415 475 616 617 618 652 689 701
rip 47 181 185 215 250 272 315 316 364 370 390 398 401 416 476 528 580 582 787 788
seg 77 78 112 148 176 184 266 320 335 404 418 419 421 482 603 609 653 654 655 660
sib 79 114 186 188 231 272 287 291 416 434 463 467 483 512 523 536 620 656 680 696
som 49 80 114 149 189 190 222 273 321 322 440 468 488 531 533 536 537 538 627 657
tip 4 151 181 215 232 234 250 272 324 366 390 398 401 487 528 580 582 623 728 789
tut 0 50 150 182 232 243 298 325 392 423 437 466 480 530 571 578 602 623 845 879
var 35 70 86 102 131 134 139 193 194 197 326 327 378 454 490 529 554 757 790 813
vis 19 87 109 141 165 171 231 261 262 324 326 374 492 550 579 650 661 662 698 880
wis 19 87 109 120 141 165 171 231 235 261 262 324 373 375 428 542 550 650 662 907
wit 18 46 84 154 156 167 172 188 203 213 232 235 263 309 330 356 374 542 583 907
wog 68 83 154 159 162 233 236 251 253 279 295 310 402 427 428 457 493 494 542 814
yam 75 82 97 132 175 180 195 196 200 280 281 286 307 331 378 557 625 627 702 760
yar 35 70 86 102 131 134 139 194 195 197 280 281 331 372 377 454 529 554 625 760
yet 9 26 33 58 62 78 122 150 169 219 308 330 396 429 491 543 626 701 761 793
aid 19 84 209 220 237 239 249 315 348 352 400 520 579 629 630 663 769 821 883
bes 21 87 122 160 238 283 303 313 334 335 365 387 393 502 548 587 689 701 852
bub 157 241 242 243 342 383 434 435 483 502 504 518 532 534 555 570 578 632 710
bud 52 158 239 241 242 243 334 382 435 473 502 508 567 588 632 637 710 754 815
dew 91 128 129 201 267 320 343 351 486 507 524 543 551 610 633 634 639 738 776
dos 129 142 160 165 166 198 204 251 296 321 341 410 428 440 449 552 561 590 739
eat 0 1 5 6 7 8 10 12 15 18 88 92 179 193 259 554 576 854 915
fes 57 58 93 208 252 290 303 313 343 365 381 393 442 591 592 593 675 689 701
fop 89 168 173 177 189 211 229 234 253 285 344 345 427 444 445 460 521 676 677
fun 40 93 205 207 211 242 270 297 323 325 391 407 479 511 555 601 611 637 717
gip 59 170 181 213 215 250 272 348 366 370 398 401 448 512 528 580 582 597 953
gun 133 170 205 242 270 297 323 325 347 389 392 407 479 514 601 611 805 830 893
gut 6 96 169 182 213 243 298 371 391 437 466 480 514 530 571 602 805 830 893
hes 61 62 171 214 296 303 313 350 351 365 381 387 515 516 599 638 689 701 720
hoe 63 138 173 256 257 276 293 294 295 296 341 444 452 493 517 577 600 681 758
hug 60 241 288 295 297 298 353 362 406 423 453 477 511 518 559 566 600 699 780
jet 9 26 33 58 62 78 122 150 169 219 300 308 330 379 455 491 602 639 925
job 53 105 114 143 157 168 255 256 300 301 317 357 457 459 495 519 680 681 682
kip 181 215 250 260 261 272 356 366 370 390 401 520 521 528 580 582 641 744 782
ley 26 43 44 176 217 290 303 304 516 522 548 551 564 596 642 643 644 683 685
lid 99 209 217 220 239 249 262 263 305 315 348 352 380 401 520 523 579 604 663
lip 42 181 215 250 262 263 272 305 366 370 390 398 400 460 523 528 580 582 604
log 25 68 159 162 176 218 233 251 253 295 306 310 357 376 457 460 565 566 605
med 65 67 183 208 217 219 220 228 334 359 404 447 485 524 567 606 624 687 729
meg 27 68 176 184 219 221 266 335 359 367 403 406 421 524 603 606 609 660 687
mol 13 28 67 68 105 106 142 177 222 223 264 436 465 525 537 590 606 608 614
mug 27 68 221 241 288 362 395 404 407 423 466 477 511 526 559 566 567 699 723
mun 106 140 205 242 270 297 323 325 359 389 391 406 466 479 526 567 601 611 723
nee 32 44 57 72 77 91 116 238 254 308 329 424 455 503 545 568 609 610 747
nod 67 107 126 143 144 158 269 273 275 292 294 310 410 417 468 469 544 569 647
nos 107 142 143 144 160 198 296 310 321 385 409 428 449 468 469 561 569 647 833
pal 1 14 29 45 69 70 71 108 180 227 311 446 470 481 500 506 614 755 766
poo 30 146 223 229 246 269 277 284 413 469 494 513 531 605 614 648 727 794 962
pox 30 146 227 229 269 322 339 412 445 501 531 565 575 598 614 648 727 792 933
rah 10 31 47 74 75 76 110 111 147 311 314 349 433 438 527 625 651 693 765
rex 32 33 183 184 304 314 363 364 365 419 475 599 616 617 618 634 652 722 791
rib 185 287 291 315 316 317 366 368 434 463 467 475 476 512 523 534 680 787 788
rod 67 74 126 158 183 230 269 273 275 292 294 315 317 318 409 533 544 577 811
sel 77 78 148 320 367 419 481 482 507 537 587 595 606 622 653 654 655 775 802
sex 77 78 148 271 304 320 322 367 415 418 482 599 620 634 653 654 655 722 791
tao 0 3 4 16 17 34 35 36 81 82 115 191 277 484 539 540 719 812 966
teg 3 116 150 176 184 233 266 274 335 367 404 423 485 486 603 609 622 660 697
toy 50 117 190 192 233 234 248 275 276 277 336 345 450 452 488 489 682 878 905
tug 3 233 241 288 325 362 371 395 406 421 477 511 559 566 578 623 699 845 879
vee 32 44 57 72 77 91 116 238 254 329 408 455 491 503 545 660 661 758 791
wax 18 51 83 118 119 120 152 153 191 194 216 227 271 278 314 328 358 441 763
wen 93 118 145 148 201 214 235 274 279 283 329 330 347 359 429 458 624 846 908
wop 89 119 154 173 177 189 229 234 236 279 285 376 388 428 460 493 494 521 814
wos 120 142 154 160 198 236 279 296 321 374 376 385 410 427 449 493 494 561 814
yen 93 145 148 201 214 274 283 347 359 379 426 430 458 496 543 626 701 761 793
yin 39 40 73 79 123 137 151 170 185 235 237 260 305 429 456 496 498 580 663
zap 4 11 14 42 47 48 59 85 90 101 119 124 195 224 497 581 582 763 764
ars 19 155 332 546 584 585 667 674 690 703 705 706 735 771 772 822 823 824
bah 5 20 21 22 52 85 86 121 196 311 349 414 438 500 527 625 669 765
bib 87 123 156 157 239 240 287 291 368 382 416 463 467 512 523 680 799 800
bum 196 241 242 243 353 382 383 478 502 505 514 526 538 632 686 702 710 759
col 23 38 53 89 126 162 163 198 246 247 248 339 405 537 590 614 671 775
cut 23 88 182 243 298 371 392 466 480 504 505 530 571 588 589 602 711 712
dah 54 55 90 127 128 164 199 200 311 349 414 433 506 527 625 713 765 777
dim 39 165 200 202 203 249 250 287 340 440 451 464 476 536 630 646 698 714
dom 129 166 200 204 222 251 341 369 385 439 468 488 531 533 552 590 627 739
fax 56 92 130 131 191 206 207 216 227 252 271 289 314 358 425 445 594 763
fer 57 58 93 131 208 290 343 344 387 510 574 591 592 593 655 675 717 720
fie 40 57 167 209 210 291 340 444 472 487 510 517 594 597 604 636 661 716
foe 57 168 211 253 276 341 344 345 388 394 443 445 493 577 676 677 681 758
fox 168 211 253 322 339 344 345 388 413 441 444 501 565 594 598 676 677 792
gal 6 24 59 94 95 132 133 134 135 212 346 411 481 500 506 595 766 830
ged 94 169 183 208 217 228 254 292 334 347 348 403 485 595 596 624 678 729
gig 95 170 202 210 213 221 240 268 316 348 390 492 512 542 558 597 628 670
gos 96 135 142 160 198 255 292 296 321 385 410 428 450 513 556 561 598 718
goy 24 96 190 248 255 292 336 345 422 449 452 513 556 596 598 682 718 805
him 97 137 171 172 215 352 353 439 464 476 515 517 536 630 646 698 742 918
hoy 41 63 138 173 190 248 256 257 294 295 296 336 345 394 422 450 516 682
hup 11 173 215 297 298 350 353 395 474 518 553 589 600 621 623 762 780 894
jar 35 70 86 102 131 134 139 194 197 258 299 354 372 378 519 529 554 557
jee 32 44 57 72 77 91 116 238 254 329 396 408 424 503 545 639 681 925
jin 39 40 73 79 123 137 151 170 185 235 237 260 305 430 498 558 601 680
jog 68 159 162 233 251 253 258 295 300 301 310 376 397 402 558 559 681 682
ken 93 145 148 201 214 260 274 283 347 359 426 429 603 641 683 721 722 781
kob 53 105 114 143 157 168 255 256 317 357 397 495 521 560 561 684 783 866
lop 42 89 173 177 189 218 229 234 285 306 357 388 401 402 427 521 565 605
mac 12 27 65 66 101 102 103 104 140 358 462 465 470 535 562 607 757 980
mae 12 27 65 66 81 101 102 103 104 140 293 319 328 346 358 461 568 640
mib 105 141 220 221 287 291 368 416 434 464 467 512 523 607 608 645 680 688
mim 141 220 221 222 439 451 463 476 526 536 607 608 630 645 646 687 688 698
moc 13 28 67 68 105 106 142 177 222 223 264 405 461 525 607 739 811 980
mut 12 13 182 219 243 298 371 392 406 407 437 480 526 530 567 571 602 723
nib 143 265 287 291 309 368 416 434 463 512 523 528 570 646 680 747 784 806
nom 107 143 144 222 307 310 369 409 410 440 469 488 531 533 569 627 646 647
noo 107 143 144 223 246 277 284 310 409 410 412 468 494 513 569 605 647 794
pac 1 14 29 45 69 70 71 108 180 227 311 411 461 535 562 612 613 757
pea 9 72 145 228 266 267 312 313 482 522 573 574 612 691 697 721 761 932
pie 46 72 73 109 181 268 340 443 487 517 575 597 604 613 661 691 692 810
pud 69 182 228 269 270 362 383 474 508 532 567 588 615 637 649 754 755 815
pup 14 181 182 229 270 312 362 453 473 532 553 589 615 621 623 649 755 762
reb 32 33 183 184 317 363 364 365 415 416 534 616 617 618 633 652 747 846
rim 75 185 315 316 363 366 416 439 451 464 478 533 536 630 646 698 787 788
rug 31 184 241 288 316 362 395 406 423 478 479 480 511 534 559 566 694 699
rum 75 353 363 435 476 477 479 480 505 514 526 533 534 538 686 694 702 759
run 147 185 205 242 270 297 323 325 389 391 407 477 478 480 534 601 611 694
rut 10 33 182 230 243 298 371 392 437 466 477 478 479 530 534 571 602 694
sal 2 15 48 112 113 186 187 271 319 411 418 446 500 506 535 537 619 766
sea 77 78 148 320 367 418 419 471 522 653 654 655 697 721 761 840 902 965
sub 114 186 323 342 368 382 504 518 532 534 538 555 570 578 621 658 843 904
tau 0 3 4 16 17 34 35 36 81 82 115 191 420 539 540 619 790 854
ted 34 116 150 183 208 217 228 274 275 334 403 421 447 486 622 624 697 729
tew 17 116 117 150 267 274 320 343 351 384 421 485 524 543 610 622 639 697
tie 81 116 151 232 276 324 340 370 443 472 517 597 604 659 661 728 789 844
tom 50 82 117 192 222 233 234 275 276 277 369 422 440 468 489 531 533 627
tor 35 50 117 192 233 234 247 264 275 276 277 344 422 488 552 556 569 684
van 16 108 118 121 127 133 140 147 193 207 326 327 338 360 372 757 790 813
vet 9 26 33 58 62 78 122 150 169 193 219 308 330 379 396 424 660 791
vig 202 210 221 240 268 316 373 448 542 558 579 628 660 661 670 698 699 880
woe 154 236 276 279 328 329 341 376 394 427 428 444 494 577 681 700 758 814
woo 154 223 236 246 277 279 284 376 412 427 428 469 493 513 605 794 814 881
yob 53 105 114 143 157 168 255 256 282 317 357 397 459 496 544 627 816 847
yon 106 149 163 192 204 211 257 279 282 429 430 495 544 627 741 743 816 847
zag 3 20 25 27 31 54 60 83 95 112 130 178 258 331 431 581 628 763
zin 39 40 73 79 123 137 151 170 185 235 237 260 305 430 456 582 583 628
ale 332 333 546 547 586 631 664 665 666 668 704 709 732 774 786 797 848
bal 5 20 21 22 52 85 86 121 196 411 433 446 481 506 587 669 766
box 37 157 158 159 160 161 284 285 322 336 339 413 445 549 565 598 792
bus 21 87 160 241 242 243 381 382 383 435 615 632 710 723 833 852 865
cee 32 44 57 72 77 91 116 238 254 329 408 424 455 545 711 737 775
cub 53 337 342 382 437 483 505 518 532 534 555 570 578 588 589 711 712
cum 286 353 435 437 478 504 514 526 538 588 589 686 702 711 712 759 992
dal 54 55 90 127 128 164 199 200 411 438 446 481 500 507 590 713 766
del 91 201 384 418 506 551 587 590 595 606 622 633 634 738 775 776 802
dud 164 205 249 288 342 383 473 509 553 567 588 637 754 777 801 815 827
due 91 205 288 340 341 342 508 553 600 658 672 694 711 777 801 827 867
fir 40 131 167 209 210 291 344 442 443 594 636 645 696 716 717 744 769
fug 130 210 241 253 288 362 389 395 406 423 477 555 559 566 637 699 717
gib 170 212 213 255 287 291 348 368 390 416 434 448 463 467 523 597 680
goo 96 223 246 255 277 284 292 412 449 450 469 494 556 598 605 718 794
gum 132 353 391 392 435 478 505 526 538 678 686 702 759 805 830 893 952
hem 62 97 214 350 351 353 363 393 451 516 592 599 638 678 687 720 918
hey 41 62 214 290 350 351 393 399 452 515 548 551 596 599 638 683 720
hie 137 171 172 215 293 340 352 394 443 451 472 487 597 600 604 661 742
hub 256 297 298 342 353 382 395 453 483 504 532 534 555 570 578 600 780
jab 115 174 186 199 212 258 265 278 289 299 337 354 397 454 557 560 680
kid 209 220 239 249 260 261 315 348 352 356 380 398 400 579 663 744 782
kop 89 173 177 189 229 234 285 388 398 427 459 460 561 641 684 783 866
lea 26 44 176 217 303 304 399 471 482 564 642 643 644 685 697 721 761
lib 174 262 263 287 291 305 357 368 400 401 416 434 463 467 512 604 680
mew 28 103 219 267 320 343 351 359 384 403 404 486 543 606 610 639 687
moa 13 28 67 68 105 106 142 177 222 223 264 405 465 549 718 783 940
mum 222 353 406 407 435 464 466 478 505 514 538 567 686 687 702 723 759
nah 178 224 225 226 265 307 311 349 360 414 433 438 568 625 647 765 981
nip 181 215 224 250 272 309 366 370 390 398 401 467 580 582 646 784 806
oar 35 70 86 102 131 134 139 179 194 197 372 378 454 554 872 928 929
out 179 182 243 298 361 371 392 437 466 480 571 602 753 754 836 838 872
pom 30 146 180 222 229 269 369 412 413 440 468 488 533 614 627 648 727
pub 182 270 342 362 382 473 474 483 504 518 534 555 570 578 615 649 755
rom 75 222 230 317 318 363 369 417 440 468 476 478 488 531 577 627 811
rub 317 342 382 416 475 477 478 479 480 483 504 518 532 555 570 578 694
sac 2 15 48 112 113 186 187 271 319 461 470 481 562 619 653 656 757
sim 79 188 231 272 368 369 439 451 464 476 538 620 630 646 656 696 698
sol 49 80 114 149 189 190 273 321 322 369 405 418 436 481 590 614 657
sum 323 353 369 435 478 483 505 514 526 536 621 658 686 702 759 843 904
taj 0 3 4 16 17 34 35 36 81 82 115 191 420 484 540 651 679
tav 0 3 4 16 17 34 35 36 81 82 115 191 420 484 539 563 813
vow 28 38 80 117 129 138 144 146 161 236 282 301 306 318 327 758 792
wig 83 202 210 221 235 240 268 316 374 375 376 448 492 558 628 670 907
yew 267 280 282 320 343 351 379 384 429 486 524 610 626 639 701 761 793
yod 67 126 158 269 273 275 282 292 294 409 417 495 496 627 663 816 847
zee 32 44 57 72 77 91 116 238 254 329 408 424 455 503 729 764 939
als 19 155 432 499 584 665 666 667 703 705 706 715 732 735 797 848
ane 332 333 499 586 631 664 668 704 707 708 709 750 774 821 849 884
bey 22 122 238 283 290 334 335 336 381 399 516 551 587 596 683 710
boa 37 157 158 159 160 161 284 285 336 501 525 669 718 783 888 940
cis 19 87 109 141 165 171 198 231 261 262 324 373 374 650 662 670
dey 55 91 201 290 384 399 507 516 548 596 633 634 683 738 776 853
dor 129 166 204 247 251 264 341 344 385 440 489 556 569 590 684 739
dup 90 205 250 288 342 453 474 508 509 589 621 623 762 777 801 827
ear 35 70 86 102 131 134 139 194 197 372 378 386 454 529 854 861
fub 168 289 291 342 382 389 483 504 511 518 532 534 570 578 637 717
gor 96 134 247 255 264 292 344 449 450 489 513 552 569 598 684 718
jam 75 82 97 132 175 180 196 200 258 286 299 307 354 377 454 519
jig 202 210 221 240 258 268 316 448 456 457 492 542 559 628 670 680
jug 241 258 288 362 395 406 423 457 477 511 558 566 601 602 699 865
kab 115 174 186 199 212 259 265 278 289 302 337 355 459 519 640 832
kos 142 160 198 261 296 321 355 385 410 428 449 459 521 684 783 866
lac 8 25 42 43 64 99 100 139 174 175 216 461 470 535 563 757
lav 8 25 42 43 64 99 100 139 174 175 216 540 562 564 813 897
lev 26 44 176 217 303 304 399 522 563 642 643 644 652 685 776 897
lox 216 218 304 306 322 339 357 402 413 445 460 501 598 605 792 868
lug 25 176 241 288 362 395 402 406 423 477 511 559 686 699 868 897
mud 65 67 220 383 403 406 407 466 473 508 526 588 637 723 754 815
nae 81 178 224 225 226 265 293 307 319 328 346 360 408 462 527 640
nor 107 143 144 247 264 310 344 409 410 468 469 489 552 556 647 684
nub 143 265 342 382 467 483 504 518 532 534 555 571 578 611 747 833
nut 107 182 243 298 308 309 371 392 437 466 480 530 570 602 611 833
ore 332 673 690 725 726 748 749 750 752 753 785 786 809 871 900 923
peh 9 72 145 228 266 267 311 312 313 471 574 591 612 638 648 793
per 9 70 72 145 228 266 267 312 313 442 471 573 612 649 655 720
pix 46 73 109 181 227 268 413 472 594 613 620 688 691 806 810 933
qat 0 1 5 6 7 8 10 12 15 18 88 92 179 193 259 386
roe 32 230 276 317 318 341 394 417 444 493 533 681 694 695 758 811
tub 115 325 342 371 382 423 483 504 518 532 534 555 570 623 845 879
vid 209 220 239 249 315 348 352 373 380 400 492 520 661 663 698 880
yip 181 195 215 250 272 366 370 390 398 401 430 528 582 626 663 762
zas 21 36 45 61 64 66 110 120 135 155 252 326 355 431 497 763
zip 181 215 250 272 366 370 390 398 401 431 498 528 580 583 628 764
zit 46 84 156 167 172 188 203 213 232 263 309 356 375 498 582 628
ads 19 155 432 546 667 703 705 706 724 735 778 795 883 896 973
art 84 332 432 666 708 733 753 767 771 772 818 822 823 824 825
awe 332 333 499 547 631 664 668 704 709 726 734 774 851 863 912
bel 122 238 283 334 335 381 418 500 507 548 595 606 622 775 802
cud 126 244 383 437 473 504 505 508 567 589 637 711 712 754 815
cup 89 124 437 453 474 504 505 553 588 621 623 711 712 737 762
dol 129 166 204 251 341 385 405 436 440 506 507 537 552 614 739
feh 57 58 93 208 290 343 387 442 573 592 593 638 675 676 793
fem 57 58 93 208 290 343 363 387 442 515 591 593 675 678 687
feu 57 58 93 208 290 343 387 442 591 592 644 675 677 925 950
fix 40 167 209 210 291 441 443 445 510 575 620 636 688 716 806
gel 169 254 347 418 446 447 507 587 596 606 622 678 775 802 830
gey 24 169 254 290 347 399 447 450 516 548 551 595 678 683 805
gie 170 213 254 340 346 348 390 443 448 472 487 512 517 604 661
gox 96 255 292 322 339 413 445 449 450 501 513 556 565 718 792
hex 62 214 304 350 351 393 415 419 515 516 634 638 720 722 791
hue 293 297 298 353 394 395 453 509 517 518 658 694 711 780 867
jun 205 242 270 297 323 325 389 391 407 456 479 559 602 611 865
jut 182 243 298 300 371 392 396 437 466 480 530 559 571 601 865
keg 176 184 266 335 367 404 421 458 609 641 660 683 721 722 781
lie 44 262 263 305 340 400 401 443 472 487 517 523 597 661 746
loo 218 223 246 277 284 306 357 402 412 460 469 494 513 565 794
mel 219 359 403 404 405 418 507 524 587 595 608 622 687 775 802
mic 141 220 221 461 463 464 465 608 613 645 656 688 742 789 980
mil 141 220 221 405 463 464 606 607 629 636 645 688 728 784 899
neg 176 178 184 266 308 310 335 367 404 408 421 603 610 660 747
new 144 225 267 308 320 343 351 384 408 486 524 543 609 639 747
nun 205 242 270 297 323 325 360 389 391 407 479 570 571 601 833
pec 9 72 145 228 266 267 312 313 470 471 573 574 613 616 653
pic 46 73 109 181 268 470 472 575 607 612 656 691 742 789 810
pol 30 146 229 269 405 411 412 413 436 531 537 590 648 727 755
pus 45 109 182 270 313 362 473 474 502 532 649 723 755 833 865
rec 32 33 183 184 363 364 365 415 475 612 617 618 652 653 811
ref 32 33 183 184 363 364 365 415 475 616 618 652 738 781 788
rei 32 33 183 184 363 364 365 415 475 616 617 642 652 654 693
sau 2 15 48 112 113 186 187 271 319 481 484 535 657 790 854
six 79 188 231 271 272 322 368 419 536 575 594 656 688 696 806
sup 48 189 272 323 453 474 483 538 553 589 623 658 762 843 904
tel 116 150 274 418 421 485 486 507 587 595 606 697 728 775 802
tup 4 234 325 370 371 423 453 474 553 578 589 621 762 845 879
wed 152 183 208 217 228 329 330 334 403 426 447 485 729 815 846
yah 195 280 281 311 331 349 377 378 414 433 438 527 760 765 793
yep 195 312 350 364 379 429 543 580 641 701 737 761 762 764 793
yom 222 282 369 377 440 468 488 495 496 531 533 544 702 816 847
zig 202 210 221 240 268 316 448 492 497 498 542 558 582 583 670
ail 19 84 237 380 608 630 636 728 732 766 769 784 851 899
aim 19 84 237 380 439 451 464 476 536 629 646 698 769 824
ape 332 333 499 547 586 664 668 704 709 733 752 774 798 885
bur 86 241 242 243 382 383 435 502 649 710 712 717 872 914
deb 91 199 201 287 342 384 475 507 551 634 738 747 776 846
dex 91 201 304 384 415 419 507 551 599 633 722 738 776 791
eye 333 659 672 673 692 695 700 736 745 746 855 858 863 892
fil 40 167 209 210 291 443 510 594 608 629 716 728 784 899
fud 206 208 209 383 389 473 508 511 555 567 588 717 754 815
heh 62 214 349 350 351 393 515 516 573 591 599 720 780 793
jew 267 301 320 343 351 354 384 396 455 486 524 543 610 925
kae 81 259 293 302 319 328 346 355 462 560 568 745 832 867
kep 312 350 364 398 458 521 603 626 683 721 722 737 764 781
lei 26 44 176 217 303 304 399 522 564 618 643 644 654 685
lek 26 44 176 217 303 304 399 522 564 642 644 685 939 946
leu 26 44 176 217 303 304 399 522 564 593 642 643 685 925
mir 102 141 220 221 264 463 464 510 607 608 688 696 744 769
nim 307 309 439 451 464 467 468 476 528 536 630 698 784 806
noh 107 143 144 310 409 410 468 469 527 569 648 676 959 981
poh 30 146 229 269 311 412 413 531 573 614 647 676 727 959
pur 70 182 270 362 473 474 532 574 615 632 712 717 755 872
qis 19 87 109 141 165 171 231 261 262 324 373 374 550 662
raj 10 31 47 74 75 76 110 111 147 314 414 539 679 693
rev 32 33 183 184 363 364 365 415 475 564 616 617 618 776
sec 77 78 148 320 367 418 419 482 535 612 616 654 655 656
sei 77 78 148 320 367 418 419 482 618 642 653 655 964 999
ser 77 78 148 320 367 418 419 442 482 574 653 654 696 720
sic 79 188 231 272 368 535 536 607 613 620 653 696 742 789
sou 49 80 114 149 189 190 273 321 322 369 537 619 677 847
sue 77 319 323 483 509 538 600 621 694 711 843 867 876 904
tye 81 116 276 333 487 635 672 692 695 700 736 745 746 844
veg 176 184 266 335 367 404 421 424 491 492 603 609 699 791
vie 340 373 424 443 472 487 492 517 579 597 604 698 758 880
xis 19 87 109 141 165 171 231 261 262 324 373 374 550 650
yid 209 220 239 249 315 348 352 380 400 430 520 544 579 580
age 332 333 499 547 586 631 668 704 705 709 768 774 796
ala 499 546 666 707 730 731 732 734 768 770 773 797 848
alt 84 499 546 585 665 708 732 733 767 797 818 825 848
ass 19 155 432 546 584 703 705 706 735 862 886 887 943
ave 332 333 499 547 586 631 664 704 709 773 774 850 892
baa 5 20 21 22 52 85 86 121 196 433 500 549 888
cig 162 202 210 221 240 268 316 448 492 542 550 558 628
coz 23 38 53 89 126 162 163 198 246 247 248 339 436
dye 91 333 340 341 509 635 659 692 695 700 736 745 746
ere 332 572 635 674 829 855 858 859 860 861 863 892 923
ers 432 673 690 715 740 778 803 804 829 859 860 861 862
fez 57 58 93 208 290 343 387 442 591 592 593 685 716
foh 168 211 253 344 345 388 444 445 591 647 648 677 959
fou 168 211 253 344 345 388 444 445 593 657 676 847 950
gem 132 169 254 347 363 447 514 515 592 595 596 687 952
haj 7 11 41 60 61 97 98 136 293 349 539 651 719
jib 287 291 368 397 416 434 456 463 467 512 519 523 558
joe 276 300 301 341 394 397 444 455 457 493 577 682 758
joy 190 248 299 300 301 336 345 397 422 450 452 457 681
key 290 302 399 458 516 548 551 596 603 641 721 722 781
kor 247 264 344 459 489 521 552 556 561 569 744 783 866
lez 26 44 176 217 303 304 399 522 564 642 643 644 675
lum 175 353 435 478 505 514 526 538 566 702 759 868 897
mem 219 222 359 363 403 404 464 515 524 526 592 606 678
mix 141 220 221 358 463 464 575 594 607 608 620 645 806
oes 303 313 365 381 387 393 690 701 724 751 807 808 870
ors 432 572 674 689 724 725 751 753 807 808 870 871 900
pia 46 73 109 181 268 471 472 575 613 787 810 880 932
pye 72 333 472 635 659 672 695 700 736 745 746 932 933
rai 10 31 47 74 75 76 110 111 147 314 414 618 651
rue 32 477 478 479 480 509 534 577 600 658 695 711 867
rye 32 333 577 635 659 672 692 694 700 736 745 746 985
sir 79 188 231 272 368 510 536 620 645 655 656 744 769
tea 116 150 274 421 471 482 485 486 522 622 721 761 987
vim 373 439 451 464 476 492 536 579 630 646 661 759 880
vug 241 288 362 395 406 423 477 492 511 559 566 660 759
wye 328 329 333 493 635 659 672 692 695 736 745 746 908
yes 303 313 365 379 381 387 393 429 543 626 689 761 793
yum 353 377 435 478 505 514 526 538 627 686 759 762 909
abs 19 155 432 546 584 667 705 706 730 735 817 941
ace 332 333 499 547 586 631 664 668 709 774 818 919
ags 19 155 432 546 584 664 667 703 706 735 768 796
ahs 19 155 432 546 584 667 703 705 731 735 807 819
ana 547 665 708 730 731 734 768 770 773 821 849 884
ant 84 547 585 666 707 733 767 818 821 825 849 884
ate 332 333 499 547 586 631 664 668 704 774 825 937
buy 22 241 242 243 336 382 383 435 502 548 632 805
cue 437 503 504 505 509 588 589 600 658 694 712 867
cur 197 247 437 504 505 588 589 632 649 711 717 872
dak 54 55 90 127 128 164 199 200 438 506 760 929
dif 39 165 202 203 249 250 287 340 439 738 782 788
els 546 674 740 778 803 804 828 856 857 862 891 916
fiz 40 167 209 210 291 443 510 594 636 675 800 907
fur 131 344 389 442 510 511 555 632 637 649 712 872
goa 96 255 292 449 450 513 525 549 556 598 783 940
hao 7 11 41 60 61 97 98 136 293 349 420 679
her 62 214 350 351 393 442 515 516 574 599 638 655
kea 458 471 482 522 603 641 683 697 722 761 781 783
kex 304 415 419 458 599 603 634 641 683 721 781 791
mus 66 141 142 406 407 466 502 526 567 615 833 865
ods 584 689 690 748 751 778 807 808 835 870 896 898
ora 572 690 753 829 834 835 869 871 888 900 901 930
owe 572 586 748 749 750 752 785 786 809 863 960 982
poi 30 146 229 269 412 413 531 614 648 866 873 984
til 151 232 324 370 487 608 622 629 636 784 789 899
zed 183 208 217 228 334 403 447 485 545 624 764 939
aba 665 703 707 731 734 768 770 773 817 834 941
aha 665 706 707 730 734 768 770 773 819 840 972
all 499 546 629 665 666 766 797 828 848 851 978
apt 84 585 631 666 708 767 798 818 825 838 885
awa 586 665 707 730 731 768 770 773 851 912 987
ays 19 155 333 432 546 584 667 703 705 706 852
bye 238 333 635 659 672 692 695 700 745 746 852
cep 89 124 312 350 364 503 589 626 641 764 775
def 91 201 384 507 551 617 633 634 714 776 781
doc 129 166 204 251 341 385 440 465 552 590 811
ens 674 715 751 778 803 804 831 862 935 948 949
eon 106 149 163 192 204 211 257 279 496 743 860
hic 137 171 172 215 352 451 517 607 613 656 789
ion 106 149 163 192 204 211 257 279 496 741 979
kir 260 261 356 398 510 520 645 684 696 769 782
kye 333 635 640 659 672 692 695 700 736 746 867
lye 44 333 604 635 659 672 692 695 700 736 745
neb 143 265 308 408 467 475 570 609 610 633 846
ode 572 724 726 749 750 752 785 786 809 835 898
oke 572 726 748 750 752 785 786 809 855 869 967
one 547 572 726 748 749 751 752 785 786 809 958
ons 689 690 724 740 750 807 808 831 870 935 958
ope 572 631 726 748 749 750 785 786 808 809 838
ort 179 361 530 572 585 690 725 836 838 871 900
oud 383 473 508 530 567 588 637 815 872 898 957
pul 182 270 362 411 473 474 532 614 615 649 830
shy 2 190 840 841 842 876 877 903 905 906 986
vac 193 326 327 372 461 470 490 535 562 790 813
voe 276 341 394 424 444 493 541 577 661 681 792
vum 353 435 478 505 514 526 538 686 698 699 702
yak 195 280 281 331 377 378 625 713 816 909 929
yea 379 429 471 482 522 543 626 697 701 721 793
yup 195 453 474 553 580 589 621 623 626 702 909
zax 191 216 227 271 314 358 425 431 441 497 581
zep 312 350 364 431 545 582 626 641 729 737 939
aah 155 311 349 414 433 438 527 625 766 943
aal 155 411 446 481 500 506 629 732 765 851
aft 84 585 666 708 733 818 825 836 910 915
aga 664 665 705 707 730 731 734 770 773 796
air 19 84 237 380 510 629 630 645 696 744
ama 665 707 730 731 734 768 773 820 911 942
arb 332 432 585 772 822 823 824 848 871 936
ark 332 432 585 771 822 823 824 886 924 944
ava 665 668 707 730 731 734 768 770 850 901
axe 332 333 499 547 586 631 664 668 704 709
cel 418 436 503 507 587 595 606 622 737 802
dev 91 201 384 507 551 564 633 634 652 738
duh 205 288 342 438 508 509 553 780 801 827
eds 584 674 715 724 740 803 804 862 896 994
fry 56 290 345 826 839 853 864 878 882 976
huh 297 298 349 353 395 453 518 600 638 777
kef 458 603 617 641 683 721 722 738 782 832
kif 260 261 356 398 520 714 744 781 788 832
koa 459 521 525 549 561 684 718 721 866 940
nil 309 467 528 608 629 636 646 728 806 899
obe 572 726 748 749 750 752 786 809 834 997
ole 499 572 726 748 749 750 752 785 809 957
ria 185 315 316 366 416 476 691 788 880 985
rif 185 315 316 366 416 476 617 714 782 787
tic 151 232 324 370 487 607 613 656 728 742
vau 193 326 327 372 484 490 619 757 813 854
vex 304 415 419 424 491 599 634 660 722 792
vox 322 339 413 445 501 541 565 598 758 791
yeh 379 429 543 573 591 625 626 638 701 761
zoo 223 246 277 284 412 469 494 513 605 940
ado 584 796 798 817 850 883 913 973 1000
ago 664 705 768 795 798 817 850 913 995
alp 499 546 665 666 732 820 848 885 887
apo 631 733 795 796 817 850 885 913 988
bio 87 123 156 239 240 284 434 800 889
biz 87 123 156 239 240 434 716 799 907
dui 205 288 342 508 509 553 777 827 879
eel 418 507 587 595 606 622 775 828 946
efs 674 715 740 778 804 862 890 915 920
ems 674 715 740 778 803 858 862 870 917
guy 24 391 392 450 514 596 710 830 893
nix 309 467 528 575 594 620 646 688 784
ohs 689 690 706 724 751 808 837 870 998
ops 689 690 724 751 752 807 838 870 969
ose 572 726 748 749 750 752 785 786 990
piu 46 73 109 181 268 472 575 613 691
roc 230 317 318 417 465 533 577 616 739
tho 277 420 837 844 881 905 927 963 966
vav 193 326 327 372 490 540 563 757 790
wok 154 236 279 376 427 428 493 494 816
wud 152 383 473 508 567 588 624 637 754
yok 282 495 496 544 627 760 814 847 909
abo 703 730 795 796 798 850 913 941
act 84 585 666 704 708 733 767 825
ahi 706 731 849 873 911 926 945 951
amp 770 797 885 887 911 942 968 996
and 380 547 707 708 849 883 884 948
arc 332 432 585 771 772 823 824 900
arf 332 432 585 771 772 822 824 910
arm 332 432 585 630 771 772 822 823
att 84 585 666 708 709 733 767 818
cry 125 248 779 839 853 878 882 1002
duo 205 288 342 508 509 553 777 801
ell 715 732 802 856 857 891 916 978
era 673 674 725 859 860 861 888 974
gul 391 392 446 514 595 755 805 893
ins 740 751 896 920 922 935 956 979
kaf 259 302 355 560 640 781 782 928
nus 410 502 570 571 611 615 723 865
oba 725 730 785 835 869 901 930 997
oda 724 725 748 834 869 898 901 930
oft 179 361 530 753 767 838 915 931
oho 807 812 881 927 958 963 983 998
opt 179 361 530 733 752 753 808 836
pry 29 779 826 853 878 882 961 962
sha 482 731 756 876 902 965 972 986
sky 2 190 756 842 877 902 903 964
sly 2 190 756 841 864 877 903 961
suk 323 483 538 621 658 904 909 944
the 81 116 276 487 659 812 876 905
tux 191 325 371 423 578 623 868 879
web 278 329 330 426 475 624 633 747
you 282 495 496 544 627 657 677 816
alb 499 546 665 666 732 771 797
ani 547 707 708 819 821 884 911
avo 668 773 795 796 798 817 913
awl 586 629 732 734 766 912 960
bys 21 87 160 381 502 735 736
dry 55 551 779 826 839 878 882
eau 386 484 554 619 790 917 993
eke 635 673 749 858 863 892 967
eld 715 828 857 891 916 948 957
elk 715 828 856 891 916 921 946
eme 635 673 804 855 863 892 917
erg 673 674 829 860 861 947 949
ern 673 674 741 829 859 861 970
err 554 673 674 829 859 860 914
ess 667 674 715 740 778 803 804
ewe 586 635 673 726 855 858 892
fly 56 290 345 779 842 950 961
jus 502 559 601 602 615 723 833
koi 459 521 561 684 727 783 926
kue 509 600 640 658 694 711 745
lux 216 304 565 566 686 845 897
oka 725 749 834 835 901 902 930
oms 689 690 724 751 804 807 808
orb 572 690 725 753 771 900 936
our 529 530 632 649 712 717 754
phi 727 819 874 926 945 951 984
pht 1 9 30 46 182 873 875
pst 1 9 30 46 182 874 984
she 77 319 658 756 840 844 986
spy 2 190 756 841 842 903 965
try 422 779 826 839 853 882 905
tui 325 371 423 578 623 801 845
via 373 492 579 661 691 698 787
who 494 812 837 906 927 963 972
wry 51 779 826 839 853 878 906
add 380 584 795 821 898 973
any 547 707 708 821 849 941
app 631 733 797 798 820 887
ask 667 772 887 943 944 1006
asp 667 797 820 885 886 943
bra 549 669 725 829 889 914
bro 284 799 888 914 962 976
eff 803 891 910 915 931 955
elf 715 828 856 857 890 916
eve 635 668 673 855 858 863
guv 391 392 514 805 830 897
hyp 11 173 215 350 453 953
ick 919 921 922 924 954 977
ids 584 724 778 831 920 956
luv 563 564 566 686 868 893
odd 724 748 754 835 883 957
oil 608 629 636 728 784 960
orc 572 690 725 753 822 871
ova 725 773 834 835 869 930
ska 482 840 841 869 964 965
sty 2 190 756 841 842 877
suq 323 483 538 621 658 843
thy 422 756 812 844 878 906
why 51 756 881 882 905 972
wiz 235 374 375 542 716 800
wyn 118 235 279 426 700 934
yuk 702 760 762 816 843 944
aff 767 823 890 931 955
ami 770 819 820 849 942
awn 237 586 734 851 982
azo 795 796 798 817 850
brr 86 632 861 888 889
eft 386 767 803 836 890
elm 715 828 856 857 891
emu 804 854 858 942 993
hmm 97 353 451 515 1001
ice 704 895 923 954 977
ifs 803 831 896 955 956
ilk 857 895 922 924 978
ink 831 895 921 924 979
ire 332 572 673 919 924
irk 772 895 921 922 923
jeu 396 455 593 639 644
khi 819 866 873 945 951
mho 223 812 837 881 963
oaf 179 529 832 929 931
oak 179 529 713 760 928
oca 725 834 835 869 901
off 836 890 910 928 955
pya 471 691 692 933 985
pyx 227 413 575 692 932
syn 79 148 149 323 908
uns 740 751 831 938 969
urb 771 871 970 971 989
ute 709 938 967 990 991
uts 935 937 956 969 991
zek 545 643 729 764 946
zoa 525 549 718 783 794
aby 703 730 817 884
amu 770 820 911 917
ash 667 765 886 887
auk 772 843 886 909
chi 819 873 926 951
eek 643 802 857 939
egg 859 949 995 1003
end 740 821 856 949
eng 740 859 947 948
flu 593 677 864 1007
ghi 819 873 926 945
gym 132 514 678 953
gyp 59 390 894 952
icy 895 919 977 1004
iff 890 910 920 931
its 831 896 920 938
old 754 786 856 898
ono 750 751 837 983
ooh 361 647 648 676
owl 726 851 899 982
ply 29 839 842 864
pro 412 839 889 976
rho 812 837 881 927
ski 654 841 902 999
spa 482 840 877 902
two 277 420 812 987
uke 749 855 937 990
ump 820 971 996 1001
ups 808 935 938 988
urn 860 936 971 989
urp 936 968 970 989
wha 731 840 881 906
adz 584 795 883
eta 829 975 991
eth 974 981 994
fro 779 889 962
ich 895 919 954
ill 732 828 921
inn 743 831 922
myc 461 465 607
nth 527 647 975
own 726 912 960
oxo 837 958 1005
psi 727 873 875
rya 695 787 932
shh 756 840 876
twa 697 734 966
upo 798 969 1000
urd 936 970 971
use 809 937 967
uta 937 938 974
cwm 286 505
ecu 854 917
edh 778 975
ego 796 947
imp 820 968
obi 785 834
ohm 807 837
sri 654 964
udo 795 988
umm 918 968
cru 826
igg 947
ivy 954
oxy 983
tsk 886
ulu 950
zuz 1009
zzz 1008
ebb
gnu
ism
qua
ugh
